PMN (111), 9.4.2019, 19:3
Diameter[mm] 6.200e+00  Thickness[mm] 4.000e-01  Spacer Capacity[pF] 1.000e+00  Spacer Area[mm^2] 0.000e+00
Fixed value(s) :  Temp. [K]=3.6788e+02  AC Volt  [Vrms]=1.000e+00
 Freq. [Hz]	 Eps'    	 Sig' [S/cm]	Tan(Delta)  	M Temp [K]	 Eps''   	  Cp' [F]	M Time M[s]	M AcV' [Vrms]
3.00000e+06 1.26113e+04 6.38966e-03 3.03575e-01 2.64991e+02 3.82848e+03 8.42799e-09 3.39500e+02 1.19790e-01
1.87500e+06 1.36994e+04 3.92329e-03 2.74548e-01 2.64991e+02 3.76114e+03 9.15514e-09 3.40600e+02 1.67363e-01
1.17188e+06 1.47787e+04 2.39225e-03 2.48291e-01 2.64991e+02 3.66941e+03 9.87640e-09 3.42300e+02 1.83248e-01
7.32422e+05 1.59101e+04 1.47423e-03 2.27406e-01 2.64991e+02 3.61806e+03 1.06325e-08 3.43400e+02 3.31421e-01
4.57764e+05 1.69812e+04 9.07198e-04 2.09779e-01 2.64991e+02 3.56231e+03 1.13483e-08 3.44500e+02 4.70525e-01
2.86102e+05 1.80443e+04 5.60144e-04 1.95033e-01 2.64991e+02 3.51924e+03 1.20588e-08 3.45500e+02 6.18594e-01
1.78814e+05 1.90928e+04 3.45985e-04 1.82161e-01 2.64992e+02 3.47798e+03 1.27595e-08 3.46600e+02 7.52756e-01
1.11759e+05 2.01352e+04 2.13919e-04 1.70876e-01 2.64992e+02 3.44063e+03 1.34561e-08 3.48200e+02 8.53457e-01
6.98492e+04 2.11622e+04 1.31601e-04 1.60032e-01 2.64993e+02 3.38663e+03 1.41424e-08 3.49400e+02 9.19313e-01
4.36558e+04 2.21878e+04 8.07525e-05 1.49855e-01 2.64992e+02 3.32495e+03 1.48278e-08 3.50400e+02 9.56675e-01
2.72848e+04 2.31936e+04 4.92676e-05 1.39940e-01 2.64993e+02 3.24572e+03 1.54999e-08 3.52100e+02 9.79038e-01
1.70530e+04 2.41765e+04 2.98560e-05 1.30169e-01 2.64993e+02 3.14703e+03 1.61568e-08 3.53100e+02 9.90951e-01
1.06581e+04 2.51237e+04 1.79444e-05 1.20458e-01 2.64994e+02 3.02635e+03 1.67898e-08 3.54700e+02 9.97695e-01
6.66134e+03 2.60381e+04 1.06856e-05 1.10738e-01 2.64994e+02 2.88341e+03 1.74009e-08 3.56000e+02 1.00141e+00
4.16334e+03 2.69006e+04 6.29529e-06 1.01038e-01 2.64993e+02 2.71797e+03 1.79773e-08 3.57800e+02 1.00280e+00
2.60208e+03 2.77067e+04 3.66725e-06 9.14335e-02 2.64994e+02 2.53332e+03 1.85160e-08 3.59400e+02 1.00329e+00
1.62630e+03 2.84545e+04 2.11603e-06 8.21939e-02 2.64994e+02 2.33879e+03 1.90157e-08 3.60400e+02 1.00428e+00
1.01644e+03 2.91643e+04 1.19715e-06 7.25918e-02 2.64996e+02 2.11709e+03 1.94901e-08 3.62000e+02 1.00161e+00
6.35275e+02 2.96422e+04 6.62560e-07 6.32447e-02 2.64996e+02 1.87471e+03 1.98095e-08 3.63300e+02 1.00195e+00
3.97047e+02 3.01960e+04 3.68085e-07 5.51860e-02 2.64997e+02 1.66639e+03 2.01795e-08 3.64900e+02 1.00180e+00
2.48154e+02 3.06541e+04 2.01727e-07 4.76678e-02 2.64997e+02 1.46121e+03 2.04857e-08 3.65900e+02 1.00168e+00
1.55096e+02 3.09884e+04 1.08548e-07 4.05968e-02 2.64996e+02 1.25803e+03 2.07091e-08 3.67100e+02 1.00195e+00
9.69352e+01 3.13194e+04 5.83079e-08 3.45226e-02 2.64998e+02 1.08123e+03 2.09303e-08 3.68100e+02 1.00193e+00
6.05845e+01 3.15998e+04 3.10621e-08 2.91645e-02 2.65000e+02 9.21593e+02 2.11177e-08 3.69800e+02 1.00184e+00
3.78653e+01 3.18594e+04 1.64546e-08 2.45177e-02 2.65001e+02 7.81118e+02 2.12912e-08 3.71300e+02 1.00183e+00
2.36658e+01 3.20525e+04 8.67454e-09 2.05557e-02 2.65002e+02 6.58863e+02 2.14203e-08 3.72300e+02 1.00183e+00
1.47911e+01 3.21860e+04 4.47394e-09 1.68925e-02 2.65000e+02 5.43700e+02 2.15094e-08 3.73500e+02 1.00185e+00
9.24446e+00 3.23187e+04 2.35959e-09 1.41962e-02 2.65000e+02 4.58802e+02 2.15981e-08 3.74600e+02 1.00184e+00
5.77779e+00 3.24312e+04 1.24502e-09 1.19433e-02 2.65000e+02 3.87335e+02 2.16733e-08 3.76300e+02 1.00184e+00
3.61112e+00 3.25516e+04 6.58826e-10 1.00746e-02 2.65001e+02 3.27944e+02 2.17538e-08 3.77900e+02 1.00184e+00
2.25695e+00 3.26283e+04 3.50900e-10 8.56520e-03 2.65001e+02 2.79468e+02 2.18051e-08 3.79700e+02 1.00184e+00
1.41059e+00 3.26502e+04 1.79430e-10 7.00291e-03 2.65002e+02 2.28646e+02 2.18197e-08 3.81800e+02 1.00184e+00
8.81621e-01 3.27061e+04 9.95037e-11 6.20297e-03 2.65001e+02 2.02875e+02 2.18570e-08 3.84400e+02 1.00187e+00
5.51013e-01 3.27577e+04 5.59734e-11 5.57413e-03 2.65004e+02 1.82596e+02 2.18915e-08 3.90300e+02 1.00189e+00
3.44383e-01 3.28302e+04 3.19837e-11 5.08493e-03 2.65005e+02 1.66939e+02 2.19399e-08 3.99400e+02 1.00190e+00
2.15239e-01 3.28682e+04 1.84826e-11 4.69608e-03 2.65008e+02 1.54352e+02 2.19654e-08 4.13900e+02 1.00191e+00
1.34525e-01 3.28550e+04 9.92029e-12 4.03451e-03 2.65007e+02 1.32554e+02 2.19566e-08 4.29400e+02 1.00192e+00
1.00000e-01 3.28839e+04 7.38779e-12 4.03833e-03 2.64999e+02 1.32796e+02 2.19759e-08 4.49700e+02 1.00195e+00
