PMN (111), 2.4.2019, 11:26
Diameter[mm] 6.200e+00  Thickness[mm] 4.000e-01  Spacer Capacity[pF] 0.000e+00  Spacer Area[mm^2] 0.000e+00
Fixed value(s) :  Freq. [Hz]=3.725e+02  AC Volt  [Vrms]=1.000e+00
 Temp. [K]	 Eps'    	 Sig' [S/cm]	Tan(Delta)  	 Zs'' [Ohms]	 Eps''   	  Cp' [F]	 Zs' [Ohms]	M Temp [K]
4.49992e+02	2.11182e+03	1.16855e-10	2.66994e-04	-3.02720e+05	5.63842e-01	1.41130e-09	8.08244e+01	4.49992e+02
4.49642e+02	2.12049e+03	7.46791e-11	1.69932e-04	-3.01482e+05	3.60338e-01	1.41709e-09	5.12313e+01	4.49642e+02
4.48452e+02	2.14996e+03	9.92586e-11	2.22766e-04	-2.97349e+05	4.78938e-01	1.43679e-09	6.62391e+01	4.48452e+02
4.47609e+02	2.16810e+03	1.18520e-10	2.63770e-04	-2.94862e+05	5.71879e-01	1.44891e-09	7.77755e+01	4.47609e+02
4.46802e+02	2.18749e+03	1.16466e-10	2.56901e-04	-2.92248e+05	5.61968e-01	1.46187e-09	7.50787e+01	4.46802e+02
4.45947e+02	2.20635e+03	1.41428e-10	3.09295e-04	-2.89750e+05	6.82412e-01	1.47447e-09	8.96184e+01	4.45947e+02
4.45094e+02	2.22546e+03	1.11392e-10	2.41516e-04	-2.87262e+05	5.37484e-01	1.48724e-09	6.93784e+01	4.45094e+02
4.44244e+02	2.24601e+03	1.03974e-10	2.23369e-04	-2.84633e+05	5.01691e-01	1.50098e-09	6.35783e+01	4.44244e+02
4.43425e+02	2.26527e+03	1.75609e-10	3.74057e-04	-2.82213e+05	8.47339e-01	1.51385e-09	1.05564e+02	4.43425e+02
4.42613e+02	2.28480e+03	8.90709e-11	1.88105e-04	-2.79802e+05	4.29780e-01	1.52690e-09	5.26319e+01	4.42613e+02
4.41701e+02	2.30529e+03	1.20522e-10	2.52261e-04	-2.77314e+05	5.81536e-01	1.54060e-09	6.99554e+01	4.41701e+02
4.40839e+02	2.32664e+03	9.25080e-11	1.91850e-04	-2.74770e+05	4.46365e-01	1.55486e-09	5.27145e+01	4.40839e+02
4.39874e+02	2.35084e+03	9.08853e-11	1.86544e-04	-2.71941e+05	4.38535e-01	1.57103e-09	5.07290e+01	4.39874e+02
4.39058e+02	2.37179e+03	1.53336e-10	3.11946e-04	-2.69539e+05	7.39869e-01	1.58503e-09	8.40815e+01	4.39058e+02
4.38312e+02	2.39029e+03	1.59608e-10	3.22192e-04	-2.67453e+05	7.70133e-01	1.59740e-09	8.61711e+01	4.38312e+02
4.37552e+02	2.41016e+03	7.55814e-11	1.51314e-04	-2.65247e+05	3.64691e-01	1.61068e-09	4.01356e+01	4.37552e+02
4.36765e+02	2.42989e+03	8.93391e-11	1.77405e-04	-2.63094e+05	4.31075e-01	1.62386e-09	4.66742e+01	4.36765e+02
4.35987e+02	2.45037e+03	1.35188e-10	2.66206e-04	-2.60895e+05	6.52302e-01	1.63755e-09	6.94518e+01	4.35987e+02
4.35269e+02	2.46946e+03	1.05823e-10	2.06771e-04	-2.58878e+05	5.10612e-01	1.65031e-09	5.35283e+01	4.35269e+02
4.34517e+02	2.48998e+03	6.94373e-11	1.34557e-04	-2.56745e+05	3.35045e-01	1.66402e-09	3.45469e+01	4.34517e+02
4.33698e+02	2.51213e+03	8.20680e-11	1.57631e-04	-2.54481e+05	3.95990e-01	1.67883e-09	4.01140e+01	4.33698e+02
4.32979e+02	2.53250e+03	1.30287e-10	2.48233e-04	-2.52434e+05	6.28652e-01	1.69244e-09	6.26625e+01	4.32979e+02
4.32215e+02	2.55409e+03	6.73128e-11	1.27166e-04	-2.50300e+05	3.24794e-01	1.70686e-09	3.18298e+01	4.32215e+02
4.31403e+02	2.57665e+03	9.65195e-11	1.80747e-04	-2.48109e+05	4.65721e-01	1.72194e-09	4.48448e+01	4.31403e+02
4.30669e+02	2.59762e+03	7.55938e-11	1.40417e-04	-2.46106e+05	3.64751e-01	1.73596e-09	3.45575e+01	4.30669e+02
4.29797e+02	2.62295e+03	7.29959e-11	1.34283e-04	-2.43729e+05	3.52216e-01	1.75288e-09	3.27286e+01	4.29797e+02
4.28997e+02	2.64718e+03	6.71484e-11	1.22395e-04	-2.41498e+05	3.24001e-01	1.76907e-09	2.95582e+01	4.28997e+02
4.28214e+02	2.67058e+03	8.78400e-11	1.58707e-04	-2.39382e+05	4.23841e-01	1.78471e-09	3.79917e+01	4.28214e+02
4.27430e+02	2.69425e+03	8.37269e-11	1.49947e-04	-2.37279e+05	4.03995e-01	1.80053e-09	3.55793e+01	4.27430e+02
4.26664e+02	2.71782e+03	9.16896e-11	1.62783e-04	-2.35221e+05	4.42416e-01	1.81628e-09	3.82902e+01	4.26664e+02
4.25885e+02	2.74218e+03	5.22565e-11	9.19508e-05	-2.33132e+05	2.52145e-01	1.83256e-09	2.14367e+01	4.25885e+02
4.25099e+02	2.76659e+03	8.93902e-11	1.55904e-04	-2.31075e+05	4.31321e-01	1.84887e-09	3.60254e+01	4.25099e+02
4.24282e+02	2.79237e+03	1.01804e-10	1.75915e-04	-2.28941e+05	4.91221e-01	1.86610e-09	4.02743e+01	4.24282e+02
4.23483e+02	2.81897e+03	5.38699e-11	9.22075e-05	-2.26781e+05	2.59930e-01	1.88388e-09	2.09109e+01	4.23483e+02
4.22674e+02	2.84573e+03	9.81968e-11	1.66500e-04	-2.24648e+05	4.73814e-01	1.90177e-09	3.74039e+01	4.22674e+02
4.21934e+02	2.87060e+03	1.14242e-10	1.92027e-04	-2.22702e+05	5.51234e-01	1.91839e-09	4.27648e+01	4.21934e+02
4.21139e+02	2.89780e+03	9.99100e-11	1.66361e-04	-2.20612e+05	4.82081e-01	1.93656e-09	3.67012e+01	4.21139e+02
4.20349e+02	2.92418e+03	1.14217e-10	1.88467e-04	-2.18622e+05	5.51112e-01	1.95419e-09	4.12031e+01	4.20349e+02
4.19578e+02	2.95092e+03	8.59339e-11	1.40514e-04	-2.16641e+05	4.14644e-01	1.97206e-09	3.04410e+01	4.19578e+02
4.18759e+02	2.98080e+03	6.10265e-11	9.87862e-05	-2.14469e+05	2.94462e-01	1.99203e-09	2.11866e+01	4.18759e+02
4.17946e+02	3.00920e+03	9.43070e-11	1.51218e-04	-2.12445e+05	4.55045e-01	2.01101e-09	3.21254e+01	4.17946e+02
4.17174e+02	3.03801e+03	8.60465e-11	1.36664e-04	-2.10430e+05	4.15187e-01	2.03026e-09	2.87582e+01	4.17174e+02
4.16418e+02	3.06483e+03	4.74712e-11	7.47368e-05	-2.08589e+05	2.29056e-01	2.04818e-09	1.55893e+01	4.16418e+02
4.15568e+02	3.09690e+03	9.13439e-11	1.42319e-04	-2.06429e+05	4.40748e-01	2.06962e-09	2.93787e+01	4.15568e+02
4.14826e+02	3.12492e+03	1.14967e-10	1.77519e-04	-2.04578e+05	5.54732e-01	2.08834e-09	3.63164e+01	4.14826e+02
4.14018e+02	3.15655e+03	1.62506e-10	2.48410e-04	-2.02528e+05	7.84117e-01	2.10948e-09	5.03099e+01	4.14018e+02
4.13223e+02	3.18670e+03	5.67011e-11	8.58539e-05	-2.00611e+05	2.73591e-01	2.12963e-09	1.72233e+01	4.13223e+02
4.12444e+02	3.21763e+03	3.27684e-11	4.91395e-05	-1.98683e+05	1.58112e-01	2.15030e-09	9.76320e+00	4.12444e+02
4.11659e+02	3.24942e+03	5.74260e-11	8.52735e-05	-1.96740e+05	2.77089e-01	2.17154e-09	1.67767e+01	4.11659e+02
4.10841e+02	3.28299e+03	2.01842e-11	2.96656e-05	-1.94728e+05	9.73917e-02	2.19397e-09	5.77672e+00	4.10841e+02
4.10055e+02	3.31559e+03	1.47313e-11	2.14384e-05	-1.92813e+05	7.10808e-02	2.21576e-09	4.13360e+00	4.10055e+02
4.09263e+02	3.34920e+03	7.78640e-12	1.12178e-05	-1.90878e+05	3.75705e-02	2.23822e-09	2.14123e+00	4.09263e+02
4.08478e+02	3.38163e+03	-4.70882e-11	-6.71887e-05	-1.89048e+05	-2.27208e-01	2.25990e-09	-1.27019e+01	4.08478e+02
4.07710e+02	3.41536e+03	-1.11353e-11	-1.57318e-05	-1.87181e+05	-5.37297e-02	2.28244e-09	-2.94469e+00	4.07710e+02
4.06905e+02	3.45088e+03	3.54519e-11	4.95702e-05	-1.85254e+05	1.71061e-01	2.30617e-09	9.18310e+00	4.06905e+02
4.06084e+02	3.48829e+03	1.13140e-10	1.56500e-04	-1.83267e+05	5.45916e-01	2.33117e-09	2.86813e+01	4.06084e+02
4.05327e+02	3.52154e+03	8.74829e-11	1.19867e-04	-1.81537e+05	4.22118e-01	2.35340e-09	2.17604e+01	4.05327e+02
4.04508e+02	3.55898e+03	9.80291e-11	1.32905e-04	-1.79627e+05	4.73005e-01	2.37842e-09	2.38733e+01	4.04508e+02
4.03730e+02	3.59527e+03	-5.87882e-12	-7.88986e-06	-1.77814e+05	-2.83662e-02	2.40267e-09	-1.40293e+00	4.03730e+02
4.02949e+02	3.63252e+03	1.47369e-10	1.95753e-04	-1.75990e+05	7.11079e-01	2.42757e-09	3.44507e+01	4.02949e+02
4.02172e+02	3.66999e+03	7.68901e-11	1.01092e-04	-1.74194e+05	3.71006e-01	2.45261e-09	1.76095e+01	4.02172e+02
4.01363e+02	3.70812e+03	4.83447e-11	6.29080e-05	-1.72403e+05	2.33270e-01	2.47808e-09	1.08455e+01	4.01363e+02
4.00606e+02	3.74631e+03	6.47311e-12	8.33718e-06	-1.70645e+05	3.12337e-02	2.50361e-09	1.42270e+00	4.00606e+02
3.99799e+02	3.78578e+03	-1.31591e-11	-1.67719e-05	-1.68866e+05	-6.34948e-02	2.52999e-09	-2.83220e+00	3.99799e+02
3.99137e+02	3.81840e+03	8.42136e-11	1.06417e-04	-1.67424e+05	4.06343e-01	2.55178e-09	1.78167e+01	3.99137e+02
3.98317e+02	3.85926e+03	1.09970e-11	1.37493e-05	-1.65651e+05	5.30619e-02	2.57909e-09	2.27758e+00	3.98317e+02
3.97563e+02	3.90102e+03	1.45560e-11	1.80042e-05	-1.63878e+05	7.02348e-02	2.60700e-09	2.95049e+00	3.97563e+02
3.96882e+02	3.93910e+03	1.00275e-10	1.22831e-04	-1.62293e+05	4.83842e-01	2.63245e-09	1.99346e+01	3.96882e+02
3.96135e+02	3.97286e+03	-8.86942e-12	-1.07721e-05	-1.60914e+05	-4.27963e-02	2.65501e-09	-1.73339e+00	3.96135e+02
3.95379e+02	4.01643e+03	-2.73128e-11	-3.28123e-05	-1.59168e+05	-1.31788e-01	2.68413e-09	-5.22268e+00	3.95379e+02
3.94629e+02	4.05726e+03	7.45078e-11	8.86093e-05	-1.57567e+05	3.59511e-01	2.71141e-09	1.39619e+01	3.94629e+02
3.93849e+02	4.10085e+03	6.44678e-11	7.58543e-05	-1.55892e+05	3.11067e-01	2.74054e-09	1.18251e+01	3.93849e+02
3.93096e+02	4.14441e+03	-8.93555e-12	-1.04033e-05	-1.54253e+05	-4.31154e-02	2.76965e-09	-1.60474e+00	3.93096e+02
3.92278e+02	4.19312e+03	3.21723e-11	3.70216e-05	-1.52462e+05	1.55236e-01	2.80220e-09	5.64436e+00	3.92278e+02
3.91372e+02	4.24630e+03	1.71992e-10	1.95437e-04	-1.50552e+05	8.29885e-01	2.83774e-09	2.94235e+01	3.91372e+02
3.90520e+02	4.29717e+03	5.83448e-11	6.55134e-05	-1.48770e+05	2.81522e-01	2.87174e-09	9.74643e+00	3.90520e+02
3.89683e+02	4.34801e+03	1.46519e-10	1.62598e-04	-1.47030e+05	7.06977e-01	2.90571e-09	2.39068e+01	3.89683e+02
3.88830e+02	4.40148e+03	1.29287e-10	1.41732e-04	-1.45244e+05	6.23831e-01	2.94145e-09	2.05858e+01	3.88830e+02
3.88022e+02	4.45115e+03	1.90291e-11	2.06280e-05	-1.43623e+05	9.18185e-02	2.97464e-09	2.96267e+00	3.88022e+02
3.87130e+02	4.50677e+03	7.08355e-11	7.58397e-05	-1.41851e+05	3.41792e-01	3.01181e-09	1.07579e+01	3.87130e+02
3.86342e+02	4.55812e+03	1.22489e-11	1.29665e-05	-1.40253e+05	5.91028e-02	3.04613e-09	1.81858e+00	3.86342e+02
3.85429e+02	4.62001e+03	8.52343e-12	8.90188e-06	-1.38374e+05	4.11268e-02	3.08749e-09	1.23179e+00	3.85429e+02
3.84617e+02	4.67227e+03	1.78708e-10	1.84556e-04	-1.36826e+05	8.62295e-01	3.12241e-09	2.52521e+01	3.84617e+02
3.83774e+02	4.72968e+03	1.38312e-11	1.41104e-05	-1.35165e+05	6.67375e-02	3.16078e-09	1.90723e+00	3.83774e+02
3.82884e+02	4.79786e+03	5.38445e-11	5.41507e-05	-1.33245e+05	2.59808e-01	3.20635e-09	7.21529e+00	3.82884e+02
3.81903e+02	4.86022e+03	2.64939e-11	2.63028e-05	-1.31535e+05	1.27837e-01	3.24802e-09	3.45974e+00	3.81903e+02
3.81022e+02	4.92582e+03	1.27616e-10	1.25007e-04	-1.29783e+05	6.15764e-01	3.29186e-09	1.62239e+01	3.81022e+02
3.80255e+02	4.97812e+03	1.80949e-10	1.75388e-04	-1.28420e+05	8.73104e-01	3.32681e-09	2.25233e+01	3.80255e+02
3.79324e+02	5.04973e+03	-5.37093e-11	-5.13206e-05	-1.26599e+05	-2.59155e-01	3.37466e-09	-6.49713e+00	3.79324e+02
3.78359e+02	5.11980e+03	-6.10112e-11	-5.74999e-05	-1.24866e+05	-2.94388e-01	3.42149e-09	-7.17978e+00	3.78359e+02
3.77520e+02	5.18500e+03	7.53624e-11	7.01321e-05	-1.23296e+05	3.63635e-01	3.46506e-09	8.64700e+00	3.77520e+02
3.76643e+02	5.25313e+03	8.74906e-11	8.03626e-05	-1.21697e+05	4.22155e-01	3.51059e-09	9.77989e+00	3.76643e+02
3.75734e+02	5.32613e+03	2.06528e-11	1.87102e-05	-1.20029e+05	9.96528e-02	3.55938e-09	2.24576e+00	3.75734e+02
3.74876e+02	5.39405e+03	8.72732e-11	7.80686e-05	-1.18517e+05	4.21106e-01	3.60477e-09	9.25250e+00	3.74876e+02
3.73992e+02	5.46771e+03	5.94585e-11	5.24710e-05	-1.16921e+05	2.86896e-01	3.65399e-09	6.13496e+00	3.73992e+02
3.73031e+02	5.54788e+03	1.29145e-10	1.12321e-04	-1.15231e+05	6.23143e-01	3.70757e-09	1.29429e+01	3.73031e+02
3.72113e+02	5.62930e+03	1.58509e-10	1.35866e-04	-1.13565e+05	7.64831e-01	3.76198e-09	1.54296e+01	3.72113e+02
3.71214e+02	5.70460e+03	5.63300e-11	4.76458e-05	-1.12066e+05	2.71801e-01	3.81231e-09	5.33946e+00	3.71214e+02
3.70009e+02	5.81226e+03	1.61872e-10	1.34381e-04	-1.09990e+05	7.81055e-01	3.88425e-09	1.47805e+01	3.70009e+02
3.69119e+02	5.89417e+03	3.33167e-10	2.72740e-04	-1.08461e+05	1.60758e+00	3.93899e-09	2.95818e+01	3.69119e+02
3.68103e+02	5.98457e+03	1.60329e-10	1.29268e-04	-1.06823e+05	7.73614e-01	3.99941e-09	1.38088e+01	3.68103e+02
3.67220e+02	6.06422e+03	1.25322e-10	9.97152e-05	-1.05420e+05	6.04695e-01	4.05264e-09	1.05120e+01	3.67220e+02
3.66367e+02	6.14635e+03	1.91432e-10	1.50282e-04	-1.04011e+05	9.23688e-01	4.10752e-09	1.56311e+01	3.66367e+02
3.65511e+02	6.22545e+03	2.26258e-10	1.75365e-04	-1.02690e+05	1.09173e+00	4.16038e-09	1.80082e+01	3.65511e+02
3.64594e+02	6.31810e+03	1.32309e-10	1.01045e-04	-1.01184e+05	6.38412e-01	4.22230e-09	1.02241e+01	3.64594e+02
3.63729e+02	6.39962e+03	1.13830e-10	8.58252e-05	-9.98949e+04	5.49248e-01	4.27678e-09	8.57350e+00	3.63729e+02
3.62828e+02	6.54879e+03	-1.50605e-10	-1.10966e-04	-9.76195e+04	-7.26693e-01	4.37647e-09	-1.08325e+01	3.62828e+02
3.61995e+02	6.64422e+03	-2.06970e-10	-1.50305e-04	-9.62174e+04	-9.98662e-01	4.44024e-09	-1.44620e+01	3.61995e+02
3.61130e+02	6.73322e+03	-1.86573e-10	-1.33702e-04	-9.49456e+04	-9.00243e-01	4.49972e-09	-1.26944e+01	3.61130e+02
3.60205e+02	6.83237e+03	-3.58089e-11	-2.52889e-05	-9.35678e+04	-1.72783e-01	4.56598e-09	-2.36623e+00	3.60205e+02
3.59354e+02	6.93254e+03	2.14071e-10	1.48997e-04	-9.22158e+04	1.03292e+00	4.63292e-09	1.37398e+01	3.59354e+02
3.58502e+02	7.02081e+03	-6.21519e-11	-4.27147e-05	-9.10563e+04	-2.99892e-01	4.69191e-09	-3.88945e+00	3.58502e+02
3.57628e+02	7.12082e+03	-1.39499e-10	-9.45260e-05	-8.97775e+04	-6.73102e-01	4.75875e-09	-8.48630e+00	3.57628e+02
3.56694e+02	7.22218e+03	-2.57737e-10	-1.72194e-04	-8.85175e+04	-1.24362e+00	4.82648e-09	-1.52422e+01	3.56694e+02
3.55840e+02	7.32229e+03	-2.64108e-10	-1.74039e-04	-8.73073e+04	-1.27436e+00	4.89339e-09	-1.51949e+01	3.55840e+02
3.55087e+02	7.41516e+03	-1.19291e-10	-7.76242e-05	-8.62138e+04	-5.75596e-01	4.95545e-09	-6.69228e+00	3.55087e+02
3.54240e+02	7.51318e+03	1.10975e-10	7.12711e-05	-8.50891e+04	5.35472e-01	5.02095e-09	6.06439e+00	3.54240e+02
3.53470e+02	7.61235e+03	-2.21903e-10	-1.40655e-04	-8.39806e+04	-1.07072e+00	5.08723e-09	-1.18123e+01	3.53470e+02
3.52602e+02	7.71479e+03	-2.85746e-10	-1.78717e-04	-8.28654e+04	-1.37877e+00	5.15569e-09	-1.48095e+01	3.52602e+02
3.51836e+02	7.81436e+03	-4.79392e-10	-2.96011e-04	-8.18095e+04	-2.31314e+00	5.22223e-09	-2.42165e+01	3.51836e+02
3.50917e+02	7.93061e+03	-1.52090e-10	-9.25349e-05	-8.06103e+04	-7.33858e-01	5.29992e-09	-7.45927e+00	3.50917e+02
3.50065e+02	8.03961e+03	3.39440e-12	2.03723e-06	-7.95175e+04	1.63785e-02	5.37276e-09	1.61995e-01	3.50065e+02
3.49250e+02	8.14585e+03	-3.09156e-10	-1.83127e-04	-7.84804e+04	-1.49172e+00	5.44376e-09	-1.43719e+01	3.49250e+02
3.48465e+02	8.24746e+03	-2.12268e-10	-1.24186e-04	-7.75135e+04	-1.02422e+00	5.51166e-09	-9.62613e+00	3.48465e+02
3.47629e+02	8.35733e+03	1.78773e-10	1.03215e-04	-7.64945e+04	8.62605e-01	5.58509e-09	7.89541e+00	3.47629e+02
3.46877e+02	8.46435e+03	-3.57196e-10	-2.03621e-04	-7.55272e+04	-1.72352e+00	5.65661e-09	-1.53790e+01	3.46877e+02
3.46007e+02	8.59204e+03	-2.52654e-10	-1.41886e-04	-7.44048e+04	-1.21909e+00	5.74195e-09	-1.05570e+01	3.46007e+02
3.45109e+02	8.71309e+03	-3.19346e-11	-1.76848e-05	-7.33712e+04	-1.54089e-01	5.82284e-09	-1.29755e+00	3.45109e+02
3.44297e+02	8.83161e+03	-3.97657e-10	-2.17260e-04	-7.23865e+04	-1.91875e+00	5.90205e-09	-1.57267e+01	3.44297e+02
3.43481e+02	8.95250e+03	-4.60166e-10	-2.48017e-04	-7.14090e+04	-2.22037e+00	5.98283e-09	-1.77106e+01	3.43481e+02
3.42674e+02	9.07467e+03	-2.67114e-10	-1.42029e-04	-7.04477e+04	-1.28886e+00	6.06448e-09	-1.00056e+01	3.42674e+02
3.41857e+02	9.19775e+03	-2.76290e-10	-1.44942e-04	-6.95049e+04	-1.33314e+00	6.14673e-09	-1.00742e+01	3.41857e+02
3.41059e+02	9.31470e+03	-7.27779e-11	-3.77000e-05	-6.86323e+04	-3.51164e-01	6.22488e-09	-2.58744e+00	3.41059e+02
3.40281e+02	9.43649e+03	-3.98378e-10	-2.03702e-04	-6.77466e+04	-1.92223e+00	6.30627e-09	-1.38001e+01	3.40281e+02
3.39504e+02	9.56196e+03	-4.27720e-11	-2.15836e-05	-6.68576e+04	-2.06381e-01	6.39012e-09	-1.44303e+00	3.39504e+02
3.38333e+02	9.75050e+03	-1.59834e-10	-7.90959e-05	-6.55648e+04	-7.71224e-01	6.51612e-09	-5.18591e+00	3.38333e+02
3.37333e+02	9.90702e+03	-2.90931e-10	-1.41696e-04	-6.45289e+04	-1.40379e+00	6.62073e-09	-9.14351e+00	3.37333e+02
3.36386e+02	1.00551e+04	2.09205e-10	1.00392e-04	-6.35788e+04	1.00945e+00	6.71966e-09	6.38280e+00	3.36386e+02
3.35476e+02	1.02185e+04	-7.47178e-11	-3.52817e-05	-6.25622e+04	-3.60524e-01	6.82885e-09	-2.20730e+00	3.35476e+02
3.34511e+02	1.03630e+04	-3.46381e-10	-1.61280e-04	-6.16898e+04	-1.67134e+00	6.92543e-09	-9.94933e+00	3.34511e+02
3.33554e+02	1.05326e+04	8.43944e-11	3.86624e-05	-6.06962e+04	4.07216e-01	7.03880e-09	2.34666e+00	3.33554e+02
3.32641e+02	1.06977e+04	3.85686e-10	1.73962e-04	-5.97593e+04	1.86099e+00	7.14915e-09	1.03958e+01	3.32641e+02
3.31805e+02	1.08493e+04	-1.16077e-10	-5.16243e-05	-5.89243e+04	-5.60089e-01	7.25046e-09	-3.04193e+00	3.31805e+02
3.30885e+02	1.10077e+04	2.82576e-10	1.23866e-04	-5.80767e+04	1.36347e+00	7.35627e-09	7.19372e+00	3.30885e+02
3.30077e+02	1.11578e+04	5.97552e-10	2.58408e-04	-5.72950e+04	2.88328e+00	7.45664e-09	1.48055e+01	3.30077e+02
3.29138e+02	1.13408e+04	6.15408e-10	2.61836e-04	-5.63708e+04	2.96943e+00	7.57890e-09	1.47599e+01	3.29138e+02
3.28285e+02	1.14947e+04	-1.25502e-10	-5.26820e-05	-5.56160e+04	-6.05564e-01	7.68175e-09	-2.92996e+00	3.28285e+02
3.27422e+02	1.16657e+04	-1.02908e-10	-4.25647e-05	-5.48007e+04	-4.96548e-01	7.79603e-09	-2.33258e+00	3.27422e+02
3.26491e+02	1.18339e+04	-1.65920e-10	-6.76523e-05	-5.40221e+04	-8.00588e-01	7.90841e-09	-3.65472e+00	3.26491e+02
3.25583e+02	1.20183e+04	4.30092e-11	1.72674e-05	-5.31928e+04	2.07526e-01	8.03170e-09	9.18502e-01	3.25583e+02
3.24680e+02	1.21886e+04	3.35538e-11	1.32831e-05	-5.24499e+04	1.61902e-01	8.14545e-09	6.96698e-01	3.24680e+02
3.23799e+02	1.23574e+04	-5.64636e-10	-2.20471e-04	-5.17334e+04	-2.72445e+00	8.25827e-09	-1.14057e+01	3.23799e+02
3.22842e+02	1.25588e+04	-2.77283e-10	-1.06533e-04	-5.09035e+04	-1.33793e+00	8.39291e-09	-5.42290e+00	3.22842e+02
3.21963e+02	1.27372e+04	-2.32635e-10	-8.81280e-05	-5.01909e+04	-1.12250e+00	8.51207e-09	-4.42322e+00	3.21963e+02
3.21135e+02	1.29172e+04	-3.71465e-12	-1.38759e-06	-4.94913e+04	-1.79237e-02	8.63238e-09	-6.86735e-02	3.21135e+02
3.20256e+02	1.30791e+04	5.68733e-11	2.09818e-05	-4.88788e+04	2.74422e-01	8.74057e-09	1.02556e+00	3.20256e+02
3.19420e+02	1.32632e+04	7.54976e-10	2.74660e-04	-4.82002e+04	3.64287e+00	8.86362e-09	1.32387e+01	3.19420e+02
3.18657e+02	1.34257e+04	-2.93029e-10	-1.05313e-04	-4.76167e+04	-1.41391e+00	8.97223e-09	-5.01468e+00	3.18657e+02
3.17923e+02	1.35945e+04	9.61916e-12	3.41417e-06	-4.70256e+04	4.64139e-02	9.08502e-09	1.60553e-01	3.17923e+02
3.17123e+02	1.37750e+04	6.47554e-10	2.26827e-04	-4.64093e+04	3.12454e+00	9.20565e-09	1.05269e+01	3.17123e+02
3.16295e+02	1.39512e+04	3.57065e-10	1.23494e-04	-4.58232e+04	1.72289e+00	9.32340e-09	5.65889e+00	3.16295e+02
3.15528e+02	1.41292e+04	5.05208e-10	1.72530e-04	-4.52460e+04	2.43770e+00	9.44234e-09	7.80627e+00	3.15528e+02
3.14783e+02	1.43089e+04	5.71201e-10	1.92616e-04	-4.46776e+04	2.75613e+00	9.56247e-09	8.60563e+00	3.14783e+02
3.13975e+02	1.45070e+04	7.59621e-11	2.52656e-05	-4.40676e+04	3.66529e-01	9.69483e-09	1.11340e+00	3.13975e+02
3.13174e+02	1.47033e+04	1.35292e-09	4.43984e-04	-4.34792e+04	6.52805e+00	9.82603e-09	1.93041e+01	3.13174e+02
3.12139e+02	1.49470e+04	8.19778e-10	2.64638e-04	-4.27703e+04	3.95555e+00	9.98889e-09	1.13187e+01	3.12139e+02
3.11366e+02	1.51307e+04	5.38568e-10	1.71748e-04	-4.22510e+04	2.59867e+00	1.01117e-08	7.25652e+00	3.11366e+02
3.10543e+02	1.53285e+04	4.01532e-10	1.26395e-04	-4.17060e+04	1.93745e+00	1.02438e-08	5.27144e+00	3.10543e+02
3.09728e+02	1.55087e+04	1.11779e-09	3.47773e-04	-4.12212e+04	5.39352e+00	1.03643e-08	1.43356e+01	3.09728e+02
3.08893e+02	1.57319e+04	7.55143e-10	2.31610e-04	-4.06364e+04	3.64368e+00	1.05134e-08	9.41183e+00	3.08893e+02
3.08121e+02	1.59128e+04	1.01222e-09	3.06928e-04	-4.01745e+04	4.88409e+00	1.06343e-08	1.23307e+01	3.08121e+02
3.07296e+02	1.61179e+04	1.50281e-09	4.49890e-04	-3.96632e+04	7.25131e+00	1.07714e-08	1.78441e+01	3.07296e+02
3.06467e+02	1.63273e+04	2.01592e-09	5.95758e-04	-3.91546e+04	9.72712e+00	1.09113e-08	2.33266e+01	3.06467e+02
3.05638e+02	1.65479e+04	8.54664e-10	2.49208e-04	-3.86325e+04	4.12388e+00	1.10588e-08	9.62754e+00	3.05638e+02
3.04853e+02	1.67566e+04	8.96187e-10	2.58061e-04	-3.81514e+04	4.32424e+00	1.11982e-08	9.84542e+00	3.04853e+02
3.04056e+02	1.69591e+04	1.65633e-09	4.71252e-04	-3.76960e+04	7.99201e+00	1.13335e-08	1.77643e+01	3.04056e+02
3.03220e+02	1.71694e+04	1.93676e-09	5.44290e-04	-3.72342e+04	9.34515e+00	1.14741e-08	2.02662e+01	3.03220e+02
3.02422e+02	1.73904e+04	1.42492e-09	3.95359e-04	-3.67611e+04	6.87543e+00	1.16217e-08	1.45338e+01	3.02422e+02
3.01607e+02	1.76092e+04	2.82429e-09	7.73892e-04	-3.63043e+04	1.36276e+01	1.17680e-08	2.80956e+01	3.01607e+02
3.00815e+02	1.78214e+04	6.07858e-10	1.64578e-04	-3.58721e+04	2.93301e+00	1.19098e-08	5.90375e+00	3.00815e+02
2.99999e+02	1.80374e+04	2.02086e-09	5.40594e-04	-3.54423e+04	9.75093e+00	1.20542e-08	1.91599e+01	2.99999e+02
2.99198e+02	1.82679e+04	8.51396e-10	2.24882e-04	-3.49952e+04	4.10811e+00	1.22082e-08	7.86978e+00	2.99198e+02
2.98297e+02	1.85078e+04	3.30942e-09	8.62793e-04	-3.45415e+04	1.59684e+01	1.23685e-08	2.98022e+01	2.98297e+02
2.97354e+02	1.87798e+04	2.65317e-09	6.81689e-04	-3.40414e+04	1.28020e+01	1.25503e-08	2.32056e+01	2.97354e+02
2.96517e+02	1.90287e+04	2.21074e-09	5.60582e-04	-3.35960e+04	1.06671e+01	1.27166e-08	1.88333e+01	2.96517e+02
2.95675e+02	1.92688e+04	1.71745e-09	4.30070e-04	-3.31774e+04	8.28694e+00	1.28771e-08	1.42686e+01	2.95675e+02
2.94872e+02	1.95007e+04	4.02127e-09	9.95002e-04	-3.27829e+04	1.94032e+01	1.30320e-08	3.26191e+01	2.94872e+02
2.94048e+02	1.97526e+04	3.04430e-09	7.43658e-04	-3.23648e+04	1.46892e+01	1.32004e-08	2.40683e+01	2.94048e+02
2.93210e+02	2.00014e+04	3.58401e-09	8.64608e-04	-3.19622e+04	1.72934e+01	1.33667e-08	2.76348e+01	2.93210e+02
2.92404e+02	2.02569e+04	1.42479e-09	3.39382e-04	-3.15591e+04	6.87482e+00	1.35374e-08	1.07106e+01	2.92404e+02
2.91559e+02	2.05229e+04	1.16271e-09	2.73366e-04	-3.11501e+04	5.61025e+00	1.37151e-08	8.51538e+00	2.91559e+02
2.90755e+02	2.07664e+04	3.13144e-09	7.27602e-04	-3.07848e+04	1.51097e+01	1.38779e-08	2.23991e+01	2.90755e+02
2.89886e+02	2.10595e+04	4.32149e-09	9.90140e-04	-3.03564e+04	2.08518e+01	1.40738e-08	3.00570e+01	2.89886e+02
2.89070e+02	2.13233e+04	4.97108e-09	1.12488e-03	-2.99807e+04	2.39862e+01	1.42501e-08	3.37248e+01	2.89070e+02
2.88261e+02	2.15765e+04	4.67615e-09	1.04573e-03	-2.96289e+04	2.25631e+01	1.44193e-08	3.09838e+01	2.88261e+02
2.87436e+02	2.18625e+04	4.04179e-09	8.92039e-04	-2.92413e+04	1.95022e+01	1.46104e-08	2.60844e+01	2.87436e+02
2.86622e+02	2.21231e+04	4.01140e-09	8.74904e-04	-2.88969e+04	1.93556e+01	1.47846e-08	2.52820e+01	2.86622e+02
2.85818e+02	2.23993e+04	6.51429e-09	1.40327e-03	-2.85405e+04	3.14324e+01	1.49692e-08	4.00501e+01	2.85818e+02
2.84924e+02	2.26992e+04	5.69922e-09	1.21148e-03	-2.81634e+04	2.74996e+01	1.51696e-08	3.41193e+01	2.84924e+02
2.84244e+02	2.29419e+04	5.82030e-09	1.22413e-03	-2.78655e+04	2.80838e+01	1.53318e-08	3.41109e+01	2.84244e+02
2.83175e+02	2.32994e+04	7.63764e-09	1.58170e-03	-2.74379e+04	3.68528e+01	1.55707e-08	4.33986e+01	2.83175e+02
2.82362e+02	2.35768e+04	7.21834e-09	1.47728e-03	-2.71151e+04	3.48296e+01	1.57561e-08	4.00565e+01	2.82362e+02
2.81511e+02	2.38816e+04	9.48464e-09	1.91632e-03	-2.67690e+04	4.57648e+01	1.59597e-08	5.12981e+01	2.81511e+02
2.80764e+02	2.41267e+04	8.38364e-09	1.67667e-03	-2.64972e+04	4.04523e+01	1.61235e-08	4.44269e+01	2.80764e+02
2.79974e+02	2.44183e+04	8.84701e-09	1.74820e-03	-2.61806e+04	4.26881e+01	1.63184e-08	4.57690e+01	2.79974e+02
2.79223e+02	2.46984e+04	1.12964e-08	2.20690e-03	-2.58837e+04	5.45069e+01	1.65056e-08	5.71227e+01	2.79223e+02
2.78413e+02	2.49872e+04	9.70918e-09	1.87489e-03	-2.55846e+04	4.68482e+01	1.66986e-08	4.79683e+01	2.78413e+02
2.77646e+02	2.52659e+04	1.54510e-08	2.95076e-03	-2.53023e+04	7.45535e+01	1.68848e-08	7.46610e+01	2.77646e+02
2.76872e+02	2.55398e+04	1.36458e-08	2.57805e-03	-2.50309e+04	6.58429e+01	1.70679e-08	6.45310e+01	2.76872e+02
2.76089e+02	2.58297e+04	2.01632e-08	3.76662e-03	-2.47498e+04	9.72906e+01	1.72616e-08	9.32233e+01	2.76089e+02
2.75320e+02	2.61245e+04	2.09846e-08	3.87581e-03	-2.44705e+04	1.01254e+02	1.74587e-08	9.48429e+01	2.75320e+02
2.74518e+02	2.64045e+04	2.71396e-08	4.95949e-03	-2.42108e+04	1.30953e+02	1.76458e-08	1.20073e+02	2.74518e+02
2.73745e+02	2.67065e+04	2.80971e-08	5.07640e-03	-2.39370e+04	1.35573e+02	1.78476e-08	1.21514e+02	2.73745e+02
2.72970e+02	2.69959e+04	3.58244e-08	6.40314e-03	-2.36800e+04	1.72858e+02	1.80410e-08	1.51626e+02	2.72970e+02
2.72206e+02	2.72718e+04	3.97903e-08	7.04003e-03	-2.34402e+04	1.91994e+02	1.82254e-08	1.65020e+02	2.72206e+02
2.71456e+02	2.75706e+04	4.65816e-08	8.15228e-03	-2.31858e+04	2.24763e+02	1.84250e-08	1.89017e+02	2.71456e+02
2.70675e+02	2.78405e+04	5.40408e-08	9.36604e-03	-2.29606e+04	2.60755e+02	1.86054e-08	2.15050e+02	2.70675e+02
2.69898e+02	2.81326e+04	6.24838e-08	1.07169e-02	-2.27216e+04	3.01494e+02	1.88006e-08	2.43505e+02	2.69898e+02
2.69108e+02	2.84165e+04	8.17191e-08	1.38760e-02	-2.24928e+04	3.94307e+02	1.89903e-08	3.12110e+02	2.69108e+02
2.68320e+02	2.86811e+04	9.37432e-08	1.57709e-02	-2.22841e+04	4.52325e+02	1.91672e-08	3.51439e+02	2.68320e+02
2.67537e+02	2.89398e+04	1.13259e-07	1.88837e-02	-2.20825e+04	5.46491e+02	1.93401e-08	4.16999e+02	2.67537e+02
2.66734e+02	2.92102e+04	1.26647e-07	2.09204e-02	-2.18763e+04	6.11089e+02	1.95208e-08	4.57661e+02	2.66734e+02
2.65972e+02	2.94384e+04	1.47891e-07	2.42404e-02	-2.17034e+04	7.13598e+02	1.96733e-08	5.26099e+02	2.65972e+02
2.65154e+02	2.96494e+04	1.76377e-07	2.87036e-02	-2.15439e+04	8.51045e+02	1.98143e-08	6.18387e+02	2.65154e+02
2.64406e+02	2.98391e+04	2.03593e-07	3.29221e-02	-2.14013e+04	9.82367e+02	1.99411e-08	7.04576e+02	2.64406e+02
2.63470e+02	3.00256e+04	2.37389e-07	3.81486e-02	-2.12605e+04	1.14544e+03	2.00657e-08	8.11060e+02	2.63470e+02
2.62605e+02	3.01575e+04	2.73724e-07	4.37953e-02	-2.11578e+04	1.32076e+03	2.01539e-08	9.26611e+02	2.62605e+02
2.61820e+02	3.02297e+04	3.07294e-07	4.90491e-02	-2.10970e+04	1.48274e+03	2.02021e-08	1.03479e+03	2.61820e+02
2.61082e+02	3.02946e+04	3.46466e-07	5.51831e-02	-2.10384e+04	1.67175e+03	2.02455e-08	1.16096e+03	2.61082e+02
2.60226e+02	3.02757e+04	3.85204e-07	6.13914e-02	-2.10363e+04	1.85867e+03	2.02328e-08	1.29145e+03	2.60226e+02
2.59380e+02	3.02156e+04	4.23288e-07	6.75951e-02	-2.10614e+04	2.04243e+03	2.01927e-08	1.42364e+03	2.59380e+02
2.58629e+02	3.01411e+04	4.57932e-07	7.33083e-02	-2.10965e+04	2.20959e+03	2.01429e-08	1.54655e+03	2.58629e+02
2.57725e+02	2.99614e+04	5.01081e-07	8.06968e-02	-2.11990e+04	2.41779e+03	2.00228e-08	1.71069e+03	2.57725e+02
2.56804e+02	2.97292e+04	5.42878e-07	8.81108e-02	-2.13381e+04	2.61947e+03	1.98676e-08	1.88012e+03	2.56804e+02
2.55891e+02	2.94407e+04	5.79268e-07	9.49383e-02	-2.15205e+04	2.79505e+03	1.96748e-08	2.04312e+03	2.55891e+02
2.55007e+02	2.91117e+04	6.11555e-07	1.01363e-01	-2.17365e+04	2.95084e+03	1.94550e-08	2.20328e+03	2.55007e+02
2.54115e+02	2.87186e+04	6.39818e-07	1.07499e-01	-2.20062e+04	3.08722e+03	1.91922e-08	2.36564e+03	2.54115e+02
2.53229e+02	2.83137e+04	6.67355e-07	1.13729e-01	-2.22905e+04	3.22009e+03	1.89216e-08	2.53508e+03	2.53229e+02
2.52412e+02	2.78807e+04	6.91796e-07	1.19725e-01	-2.26054e+04	3.33802e+03	1.86323e-08	2.70644e+03	2.52412e+02
2.51465e+02	2.73754e+04	7.05693e-07	1.24384e-01	-2.29969e+04	3.40508e+03	1.82946e-08	2.86045e+03	2.51465e+02
2.50602e+02	2.69226e+04	7.19472e-07	1.28946e-01	-2.33571e+04	3.47156e+03	1.79920e-08	3.01180e+03	2.50602e+02
2.49811e+02	2.64664e+04	7.26595e-07	1.32467e-01	-2.37382e+04	3.50593e+03	1.76872e-08	3.14452e+03	2.49811e+02
2.48950e+02	2.59618e+04	7.30025e-07	1.35680e-01	-2.41792e+04	3.52248e+03	1.73499e-08	3.28062e+03	2.48950e+02
2.48081e+02	2.54580e+04	7.34081e-07	1.39133e-01	-2.46347e+04	3.54205e+03	1.70132e-08	3.42750e+03	2.48081e+02
2.47273e+02	2.49877e+04	7.36294e-07	1.42179e-01	-2.50772e+04	3.55273e+03	1.66990e-08	3.56544e+03	2.47273e+02
2.46382e+02	2.44833e+04	7.33254e-07	1.44509e-01	-2.55771e+04	3.53806e+03	1.63619e-08	3.69613e+03	2.46382e+02
2.45536e+02	2.40439e+04	7.31337e-07	1.46765e-01	-2.60278e+04	3.52881e+03	1.60682e-08	3.81997e+03	2.45536e+02
2.44726e+02	2.36100e+04	7.26640e-07	1.48502e-01	-2.64928e+04	3.50614e+03	1.57783e-08	3.93424e+03	2.44726e+02
2.43630e+02	2.30676e+04	7.25306e-07	1.51716e-01	-2.70902e+04	3.49971e+03	1.54157e-08	4.11001e+03	2.43630e+02
2.42731e+02	2.26558e+04	7.22417e-07	1.53858e-01	-2.75649e+04	3.48577e+03	1.51406e-08	4.24108e+03	2.42731e+02
2.41854e+02	2.22767e+04	7.19263e-07	1.55793e-01	-2.80176e+04	3.47055e+03	1.48872e-08	4.36493e+03	2.41854e+02
2.41023e+02	2.19763e+04	7.17627e-07	1.57563e-01	-2.83853e+04	3.46266e+03	1.46864e-08	4.47248e+03	2.41023e+02
2.40163e+02	2.16970e+04	7.11527e-07	1.58235e-01	-2.87447e+04	3.43322e+03	1.44998e-08	4.54842e+03	2.40163e+02
2.39314e+02	2.14249e+04	7.12439e-07	1.60450e-01	-2.90898e+04	3.43762e+03	1.43179e-08	4.66746e+03	2.39314e+02
2.38388e+02	2.11274e+04	7.05283e-07	1.61075e-01	-2.94935e+04	3.40310e+03	1.41192e-08	4.75067e+03	2.38388e+02
2.37556e+02	2.08689e+04	6.96608e-07	1.61065e-01	-2.98591e+04	3.36124e+03	1.39464e-08	4.80924e+03	2.37556e+02
2.36638e+02	2.05589e+04	6.83430e-07	1.60401e-01	-3.03156e+04	3.29765e+03	1.37392e-08	4.86264e+03	2.36638e+02
2.35816e+02	2.02542e+04	6.67034e-07	1.58908e-01	-3.07860e+04	3.21854e+03	1.35356e-08	4.89212e+03	2.35816e+02
2.34960e+02	1.99077e+04	6.51998e-07	1.58029e-01	-3.13303e+04	3.14599e+03	1.33040e-08	4.95108e+03	2.34960e+02
2.34111e+02	1.95625e+04	6.33334e-07	1.56214e-01	-3.19009e+04	3.05593e+03	1.30733e-08	4.98336e+03	2.34111e+02
2.33244e+02	1.92002e+04	6.12754e-07	1.53989e-01	-3.25247e+04	2.95663e+03	1.28312e-08	5.00846e+03	2.33244e+02
2.32419e+02	1.88755e+04	5.99593e-07	1.53274e-01	-3.30913e+04	2.89312e+03	1.26142e-08	5.07205e+03	2.32419e+02
2.31458e+02	1.85202e+04	5.83252e-07	1.51957e-01	-3.37394e+04	2.81428e+03	1.23768e-08	5.12693e+03	2.31458e+02
2.30584e+02	1.82198e+04	5.68546e-07	1.50568e-01	-3.43099e+04	2.74332e+03	1.21760e-08	5.16599e+03	2.30584e+02
2.29649e+02	1.78891e+04	5.51936e-07	1.48871e-01	-3.49613e+04	2.66317e+03	1.19551e-08	5.20472e+03	2.29649e+02
2.28758e+02	1.75219e+04	5.31489e-07	1.46360e-01	-3.57199e+04	2.56451e+03	1.17097e-08	5.22797e+03	2.28758e+02
2.28017e+02	1.71716e+04	5.10456e-07	1.43436e-01	-3.64790e+04	2.46303e+03	1.14755e-08	5.23241e+03	2.28017e+02
2.27215e+02	1.66235e+04	4.75933e-07	1.38145e-01	-3.77369e+04	2.29645e+03	1.11092e-08	5.21315e+03	2.27215e+02
2.26449e+02	1.59721e+04	4.31560e-07	1.30374e-01	-3.93565e+04	2.08234e+03	1.06739e-08	5.13107e+03	2.26449e+02
2.25672e+02	1.52232e+04	3.85035e-07	1.22041e-01	-4.13783e+04	1.85785e+03	1.01734e-08	5.04985e+03	2.25672e+02
2.24858e+02	1.43856e+04	3.34889e-07	1.12327e-01	-4.38857e+04	1.61589e+03	9.61372e-09	4.92954e+03	2.24858e+02
2.23813e+02	1.32374e+04	2.71740e-07	9.90517e-02	-4.78250e+04	1.31119e+03	8.84636e-09	4.73715e+03	2.23813e+02
2.22934e+02	1.24090e+04	2.30812e-07	8.97494e-02	-5.11065e+04	1.11370e+03	8.29276e-09	4.58678e+03	2.22934e+02
2.22031e+02	1.16051e+04	1.95186e-07	8.11540e-02	-5.47264e+04	9.41802e+02	7.75554e-09	4.44127e+03	2.22031e+02
2.21254e+02	1.09708e+04	1.69096e-07	7.43714e-02	-5.79512e+04	8.15915e+02	7.33165e-09	4.30991e+03	2.21254e+02
2.20457e+02	1.03371e+04	1.45675e-07	6.79983e-02	-6.15598e+04	7.02903e+02	6.90811e-09	4.18596e+03	2.20457e+02
2.19597e+02	9.72212e+03	1.25662e-07	6.23668e-02	-6.55014e+04	6.06337e+02	6.49716e-09	4.08511e+03	2.19597e+02
2.18735e+02	9.18564e+03	1.08498e-07	5.69932e-02	-6.93712e+04	5.23520e+02	6.13864e-09	3.95369e+03	2.18735e+02
2.17776e+02	8.61904e+03	9.31393e-08	5.21416e-02	-7.39706e+04	4.49411e+02	5.75999e-09	3.85695e+03	2.17776e+02
2.16923e+02	8.17729e+03	8.15332e-08	4.81101e-02	-7.79981e+04	3.93410e+02	5.46477e-09	3.75250e+03	2.16923e+02
2.16106e+02	7.78184e+03	7.26082e-08	4.50209e-02	-8.19852e+04	3.50345e+02	5.20050e-09	3.69105e+03	2.16106e+02
2.15299e+02	7.41861e+03	6.47596e-08	4.21204e-02	-8.60211e+04	3.12475e+02	4.95776e-09	3.62324e+03	2.15299e+02
2.14505e+02	7.10033e+03	5.85821e-08	3.98105e-02	-8.98941e+04	2.82667e+02	4.74506e-09	3.57872e+03	2.14505e+02
2.13684e+02	6.78933e+03	5.24461e-08	3.72733e-02	-9.40303e+04	2.53060e+02	4.53721e-09	3.50481e+03	2.13684e+02
2.12870e+02	6.44259e+03	4.73472e-08	3.54605e-02	-9.91041e+04	2.28457e+02	4.30549e-09	3.51428e+03	2.12870e+02
2.12063e+02	6.17958e+03	4.31537e-08	3.36953e-02	-1.03335e+05	2.08223e+02	4.12973e-09	3.48190e+03	2.12063e+02
2.11121e+02	5.89977e+03	3.90238e-08	3.19157e-02	-1.08248e+05	1.88296e+02	3.94274e-09	3.45481e+03	2.11121e+02
2.10219e+02	5.65467e+03	3.55135e-08	3.03038e-02	-1.12951e+05	1.71358e+02	3.77894e-09	3.42286e+03	2.10219e+02
2.09369e+02	5.43667e+03	3.27750e-08	2.90885e-02	-1.17489e+05	1.58144e+02	3.63325e-09	3.41758e+03	2.09369e+02
2.08542e+02	5.23587e+03	3.02939e-08	2.79175e-02	-1.22003e+05	1.46173e+02	3.49906e-09	3.40602e+03	2.08542e+02
2.07617e+02	5.03444e+03	2.76663e-08	2.65162e-02	-1.26894e+05	1.33494e+02	3.36445e-09	3.36475e+03	2.07617e+02
2.06755e+02	4.85681e+03	2.59066e-08	2.57377e-02	-1.31540e+05	1.25003e+02	3.24574e-09	3.38555e+03	2.06755e+02
2.05890e+02	4.69729e+03	2.42013e-08	2.48600e-02	-1.36013e+05	1.16775e+02	3.13914e-09	3.38129e+03	2.05890e+02
2.04983e+02	4.53105e+03	2.24699e-08	2.39283e-02	-1.41010e+05	1.08420e+02	3.02804e-09	3.37413e+03	2.04983e+02
2.04137e+02	4.38835e+03	2.11010e-08	2.32013e-02	-1.45601e+05	1.01815e+02	2.93267e-09	3.37812e+03	2.04137e+02
2.03311e+02	4.25893e+03	2.00179e-08	2.26792e-02	-1.50028e+05	9.65892e+01	2.84619e-09	3.40253e+03	2.03311e+02
2.02425e+02	4.12866e+03	1.87896e-08	2.19594e-02	-1.54767e+05	9.06628e+01	2.75912e-09	3.39860e+03	2.02425e+02
2.01592e+02	4.01357e+03	1.78136e-08	2.14157e-02	-1.59209e+05	8.59535e+01	2.68221e-09	3.40958e+03	2.01592e+02
2.00638e+02	3.88741e+03	1.69309e-08	2.10150e-02	-1.64379e+05	8.16939e+01	2.59790e-09	3.45441e+03	2.00638e+02
1.99826e+02	3.78885e+03	1.61289e-08	2.05404e-02	-1.68658e+05	7.78244e+01	2.53203e-09	3.46430e+03	1.99826e+02
1.99054e+02	3.70060e+03	1.55087e-08	2.02215e-02	-1.72682e+05	7.48317e+01	2.47306e-09	3.49190e+03	1.99054e+02
1.98350e+02	3.62168e+03	1.49009e-08	1.98524e-02	-1.76448e+05	7.18989e+01	2.42032e-09	3.50291e+03	1.98350e+02
1.97580e+02	3.53911e+03	1.44587e-08	1.97127e-02	-1.80566e+05	6.97654e+01	2.36514e-09	3.55944e+03	1.97580e+02
1.96866e+02	3.46646e+03	1.39300e-08	1.93898e-02	-1.84352e+05	6.72141e+01	2.31659e-09	3.57456e+03	1.96866e+02
1.96064e+02	3.38596e+03	1.33610e-08	1.90400e-02	-1.88738e+05	6.44687e+01	2.26279e-09	3.59357e+03	1.96064e+02
1.95316e+02	3.31772e+03	1.30311e-08	1.89519e-02	-1.92620e+05	6.28769e+01	2.21718e-09	3.65052e+03	1.95316e+02
1.94534e+02	3.24634e+03	1.25771e-08	1.86938e-02	-1.96857e+05	6.06864e+01	2.16948e-09	3.68001e+03	1.94534e+02
1.93742e+02	3.17773e+03	1.21698e-08	1.84790e-02	-2.01109e+05	5.87213e+01	2.12363e-09	3.71630e+03	1.93742e+02
1.92917e+02	3.11121e+03	1.17582e-08	1.82358e-02	-2.05411e+05	5.67352e+01	2.07918e-09	3.74583e+03	1.92917e+02
1.92106e+02	3.04683e+03	1.15033e-08	1.82174e-02	-2.09752e+05	5.55053e+01	2.03615e-09	3.82114e+03	1.92106e+02
1.91222e+02	2.97992e+03	1.11450e-08	1.80462e-02	-2.14463e+05	5.37763e+01	1.99144e-09	3.87024e+03	1.91222e+02
1.90386e+02	2.92125e+03	1.07991e-08	1.78373e-02	-2.18772e+05	5.21071e+01	1.95223e-09	3.90229e+03	1.90386e+02
1.89558e+02	2.86551e+03	1.05600e-08	1.77816e-02	-2.23027e+05	5.09535e+01	1.91498e-09	3.96579e+03	1.89558e+02
1.88766e+02	2.81257e+03	1.02280e-08	1.75468e-02	-2.27227e+05	4.93517e+01	1.87960e-09	3.98711e+03	1.88766e+02
1.87943e+02	2.76082e+03	9.98738e-09	1.74552e-02	-2.31488e+05	4.81906e+01	1.84502e-09	4.04066e+03	1.87943e+02
1.87163e+02	2.71219e+03	9.84585e-09	1.75164e-02	-2.35638e+05	4.75077e+01	1.81252e-09	4.12751e+03	1.87163e+02
1.86370e+02	2.66585e+03	9.64418e-09	1.74558e-02	-2.39734e+05	4.65346e+01	1.78155e-09	4.18474e+03	1.86370e+02
1.85532e+02	2.61920e+03	9.46887e-09	1.74438e-02	-2.44004e+05	4.56887e+01	1.75037e-09	4.25636e+03	1.85532e+02
1.84723e+02	2.57449e+03	9.28562e-09	1.74033e-02	-2.48242e+05	4.48045e+01	1.72050e-09	4.32022e+03	1.84723e+02
1.83863e+02	2.52761e+03	9.12964e-09	1.74283e-02	-2.52846e+05	4.40519e+01	1.68917e-09	4.40666e+03	1.83863e+02
1.83050e+02	2.48700e+03	9.04008e-09	1.75391e-02	-2.56974e+05	4.36197e+01	1.66203e-09	4.50708e+03	1.83050e+02
1.82244e+02	2.44681e+03	8.93248e-09	1.76150e-02	-2.61194e+05	4.31006e+01	1.63517e-09	4.60092e+03	1.82244e+02
1.81440e+02	2.40804e+03	8.84221e-09	1.77177e-02	-2.65398e+05	4.26650e+01	1.60926e-09	4.70224e+03	1.81440e+02
1.80657e+02	2.37215e+03	8.67343e-09	1.76425e-02	-2.69414e+05	4.18506e+01	1.58527e-09	4.75314e+03	1.80657e+02
1.79883e+02	2.33638e+03	8.56302e-09	1.76845e-02	-2.73538e+05	4.13179e+01	1.56137e-09	4.83739e+03	1.79883e+02
1.79052e+02	2.30104e+03	8.46300e-09	1.77464e-02	-2.77739e+05	4.08352e+01	1.53775e-09	4.92886e+03	1.79052e+02
1.78155e+02	2.26214e+03	8.35961e-09	1.78310e-02	-2.82513e+05	4.03364e+01	1.51176e-09	5.03751e+03	1.78155e+02
1.77245e+02	2.22702e+03	8.30022e-09	1.79836e-02	-2.86968e+05	4.00498e+01	1.48828e-09	5.16073e+03	1.77245e+02
1.76405e+02	2.19364e+03	8.24539e-09	1.81366e-02	-2.91333e+05	3.97852e+01	1.46598e-09	5.28378e+03	1.76405e+02
1.75506e+02	2.16006e+03	8.14045e-09	1.81842e-02	-2.95862e+05	3.92789e+01	1.44354e-09	5.38000e+03	1.75506e+02
1.74677e+02	2.12865e+03	8.12404e-09	1.84153e-02	-3.00225e+05	3.91997e+01	1.42255e-09	5.52873e+03	1.74677e+02
1.73813e+02	2.09734e+03	8.11642e-09	1.86727e-02	-3.04703e+05	3.91629e+01	1.40162e-09	5.68962e+03	1.73813e+02
1.72954e+02	2.06670e+03	8.08618e-09	1.88789e-02	-3.09219e+05	3.90170e+01	1.38114e-09	5.83773e+03	1.72954e+02
1.72099e+02	2.03714e+03	8.04549e-09	1.90564e-02	-3.13703e+05	3.88207e+01	1.36139e-09	5.97806e+03	1.72099e+02
1.71236e+02	2.00863e+03	8.03194e-09	1.92944e-02	-3.18153e+05	3.87553e+01	1.34234e-09	6.13858e+03	1.71236e+02
1.70378e+02	1.98065e+03	8.01765e-09	1.95322e-02	-3.22645e+05	3.86863e+01	1.32364e-09	6.30197e+03	1.70378e+02
1.69538e+02	1.95417e+03	8.05506e-09	1.98892e-02	-3.27012e+05	3.88669e+01	1.30594e-09	6.50403e+03	1.69538e+02
1.68691e+02	1.92791e+03	7.99160e-09	2.00013e-02	-3.31464e+05	3.85607e+01	1.28840e-09	6.62970e+03	1.68691e+02
1.67845e+02	1.90196e+03	8.00539e-09	2.03091e-02	-3.35982e+05	3.86272e+01	1.27106e-09	6.82350e+03	1.67845e+02
1.67014e+02	1.87757e+03	8.02022e-09	2.06110e-02	-3.40342e+05	3.86987e+01	1.25476e-09	7.01481e+03	1.67014e+02
1.66149e+02	1.85294e+03	8.02991e-09	2.09102e-02	-3.44862e+05	3.87455e+01	1.23830e-09	7.21115e+03	1.66149e+02
1.65317e+02	1.82979e+03	8.06782e-09	2.12748e-02	-3.49221e+05	3.89284e+01	1.22282e-09	7.42962e+03	1.65317e+02
1.64506e+02	1.80719e+03	8.06134e-09	2.15236e-02	-3.53585e+05	3.88972e+01	1.20772e-09	7.61042e+03	1.64506e+02
1.63670e+02	1.78498e+03	8.11003e-09	2.19230e-02	-3.57978e+05	3.91321e+01	1.19288e-09	7.84796e+03	1.63670e+02
1.62852e+02	1.76361e+03	8.13867e-09	2.22670e-02	-3.62309e+05	3.92703e+01	1.17860e-09	8.06754e+03	1.62852e+02
1.62028e+02	1.74252e+03	8.17826e-09	2.26462e-02	-3.66689e+05	3.94613e+01	1.16450e-09	8.30409e+03	1.62028e+02
1.61217e+02	1.72248e+03	8.20869e-09	2.29949e-02	-3.70949e+05	3.96081e+01	1.15111e-09	8.52992e+03	1.61217e+02
1.60402e+02	1.70252e+03	8.29487e-09	2.35086e-02	-3.75288e+05	4.00240e+01	1.13777e-09	8.82250e+03	1.60402e+02
1.59596e+02	1.68344e+03	8.33220e-09	2.38821e-02	-3.79535e+05	4.02041e+01	1.12502e-09	9.06407e+03	1.59596e+02
1.58768e+02	1.66404e+03	8.37023e-09	2.42708e-02	-3.83953e+05	4.03876e+01	1.11206e-09	9.31884e+03	1.58768e+02
1.57964e+02	1.64532e+03	8.43417e-09	2.47344e-02	-3.88312e+05	4.06961e+01	1.09955e-09	9.60467e+03	1.57964e+02
1.57147e+02	1.62733e+03	8.48509e-09	2.51589e-02	-3.92598e+05	4.09418e+01	1.08752e-09	9.87733e+03	1.57147e+02
1.56331e+02	1.60913e+03	8.53873e-09	2.56044e-02	-3.97030e+05	4.12007e+01	1.07536e-09	1.01657e+04	1.56331e+02
1.55512e+02	1.59147e+03	8.63559e-09	2.61821e-02	-4.01422e+05	4.16680e+01	1.06356e-09	1.05101e+04	1.55512e+02
1.54711e+02	1.57444e+03	8.69791e-09	2.66563e-02	-4.05755e+05	4.19687e+01	1.05217e-09	1.08159e+04	1.54711e+02
1.53891e+02	1.55757e+03	8.75840e-09	2.71324e-02	-4.10138e+05	4.22606e+01	1.04090e-09	1.11280e+04	1.53891e+02
1.53076e+02	1.54113e+03	8.88716e-09	2.78250e-02	-4.14499e+05	4.28819e+01	1.02991e-09	1.15334e+04	1.53076e+02
1.52276e+02	1.52453e+03	8.91107e-09	2.82036e-02	-4.19001e+05	4.29972e+01	1.01882e-09	1.18173e+04	1.52276e+02
1.51580e+02	1.51206e+03	9.05511e-09	2.88959e-02	-4.22442e+05	4.36923e+01	1.01049e-09	1.22068e+04	1.51580e+02
1.51874e+02	1.51949e+03	8.93616e-09	2.83767e-02	-4.20386e+05	4.31183e+01	1.01546e-09	1.19292e+04	1.51874e+02
1.52583e+02	1.53336e+03	8.89018e-09	2.79755e-02	-4.16595e+05	4.28964e+01	1.02472e-09	1.16545e+04	1.52583e+02
1.53362e+02	1.54884e+03	8.78071e-09	2.73547e-02	-4.12444e+05	4.23682e+01	1.03507e-09	1.12823e+04	1.53362e+02
1.54167e+02	1.56493e+03	8.75492e-09	2.69940e-02	-4.08212e+05	4.22438e+01	1.04582e-09	1.10193e+04	1.54167e+02
1.54959e+02	1.58120e+03	8.65127e-09	2.64000e-02	-4.04025e+05	4.17437e+01	1.05670e-09	1.06662e+04	1.54959e+02
1.55761e+02	1.59849e+03	8.58796e-09	2.59234e-02	-3.99665e+05	4.14382e+01	1.06825e-09	1.03607e+04	1.55761e+02
1.56561e+02	1.61569e+03	8.54152e-09	2.55087e-02	-3.95418e+05	4.12141e+01	1.07974e-09	1.00866e+04	1.56561e+02
1.57368e+02	1.63335e+03	8.47403e-09	2.50335e-02	-3.91154e+05	4.08884e+01	1.09154e-09	9.79196e+03	1.57368e+02
1.58178e+02	1.65152e+03	8.40419e-09	2.45540e-02	-3.86858e+05	4.05515e+01	1.10369e-09	9.49890e+03	1.58178e+02
1.58967e+02	1.67002e+03	8.34691e-09	2.41165e-02	-3.82580e+05	4.02751e+01	1.11605e-09	9.22647e+03	1.58967e+02
1.59779e+02	1.68877e+03	8.28132e-09	2.36614e-02	-3.78342e+05	3.99586e+01	1.12858e-09	8.95209e+03	1.59779e+02
1.60589e+02	1.70781e+03	8.20530e-09	2.31828e-02	-3.74131e+05	3.95918e+01	1.14131e-09	8.67340e+03	1.60589e+02
1.61403e+02	1.72757e+03	8.15354e-09	2.27730e-02	-3.69858e+05	3.93420e+01	1.15451e-09	8.42278e+03	1.61403e+02
1.62250e+02	1.74868e+03	8.09179e-09	2.23277e-02	-3.65401e+05	3.90441e+01	1.16862e-09	8.15858e+03	1.62250e+02
1.63056e+02	1.76887e+03	8.06081e-09	2.19884e-02	-3.61236e+05	3.88946e+01	1.18211e-09	7.94299e+03	1.63056e+02
1.63873e+02	1.79021e+03	8.01915e-09	2.16140e-02	-3.56936e+05	3.86936e+01	1.19637e-09	7.71481e+03	1.63873e+02
1.64700e+02	1.81220e+03	7.96202e-09	2.11996e-02	-3.52612e+05	3.84179e+01	1.21107e-09	7.47525e+03	1.64700e+02
1.65538e+02	1.83482e+03	7.98757e-09	2.10055e-02	-3.48267e+05	3.85412e+01	1.22618e-09	7.31552e+03	1.65538e+02
1.66383e+02	1.85831e+03	7.89875e-09	2.05093e-02	-3.43873e+05	3.81126e+01	1.24188e-09	7.05260e+03	1.66383e+02
1.67224e+02	1.88217e+03	7.90839e-09	2.02741e-02	-3.39517e+05	3.81592e+01	1.25783e-09	6.88338e+03	1.67224e+02
1.68055e+02	1.90651e+03	7.92206e-09	2.00498e-02	-3.35185e+05	3.82251e+01	1.27409e-09	6.72040e+03	1.68055e+02
1.68916e+02	1.93198e+03	7.88554e-09	1.96942e-02	-3.30769e+05	3.80489e+01	1.29112e-09	6.51424e+03	1.68916e+02
1.69780e+02	1.95864e+03	7.84353e-09	1.93227e-02	-3.26273e+05	3.78462e+01	1.30893e-09	6.30448e+03	1.69780e+02
1.70629e+02	1.98522e+03	7.85024e-09	1.90803e-02	-3.21907e+05	3.78786e+01	1.32669e-09	6.14209e+03	1.70629e+02
1.71475e+02	2.01257e+03	7.82491e-09	1.87603e-02	-3.17537e+05	3.77563e+01	1.34497e-09	5.95708e+03	1.71475e+02
1.72329e+02	2.04104e+03	7.89067e-09	1.86540e-02	-3.13108e+05	3.80736e+01	1.36400e-09	5.84073e+03	1.72329e+02
1.73178e+02	2.07046e+03	7.86811e-09	1.83364e-02	-3.08663e+05	3.79648e+01	1.38366e-09	5.65978e+03	1.73178e+02
1.74037e+02	2.10074e+03	7.85428e-09	1.80404e-02	-3.04218e+05	3.78981e+01	1.40389e-09	5.48820e+03	1.74037e+02
1.74976e+02	2.13476e+03	7.95852e-09	1.79884e-02	-2.99370e+05	3.84010e+01	1.42663e-09	5.38519e+03	1.74976e+02
1.75835e+02	2.16710e+03	7.94852e-09	1.76977e-02	-2.94905e+05	3.83528e+01	1.44824e-09	5.21915e+03	1.75835e+02
1.76691e+02	2.20038e+03	7.98580e-09	1.75118e-02	-2.90446e+05	3.85326e+01	1.47049e-09	5.08624e+03	1.76691e+02
1.77522e+02	2.23295e+03	7.99533e-09	1.72770e-02	-2.86213e+05	3.85786e+01	1.49225e-09	4.94490e+03	1.77522e+02
1.78376e+02	2.26855e+03	8.04341e-09	1.71081e-02	-2.81723e+05	3.88107e+01	1.51604e-09	4.81976e+03	1.78376e+02
1.79171e+02	2.30190e+03	8.14798e-09	1.70795e-02	-2.77641e+05	3.93152e+01	1.53833e-09	4.74196e+03	1.79171e+02
1.79962e+02	2.33725e+03	8.26835e-09	1.70696e-02	-2.73442e+05	3.98960e+01	1.56195e-09	4.66755e+03	1.79962e+02
1.80755e+02	2.37379e+03	8.35267e-09	1.69783e-02	-2.69234e+05	4.03029e+01	1.58637e-09	4.57113e+03	1.80755e+02
1.81534e+02	2.41011e+03	8.37547e-09	1.67680e-02	-2.65178e+05	4.04129e+01	1.61065e-09	4.44651e+03	1.81534e+02
1.82316e+02	2.44804e+03	8.52295e-09	1.67990e-02	-2.61070e+05	4.11245e+01	1.63599e-09	4.38571e+03	1.82316e+02
1.83130e+02	2.48897e+03	8.59127e-09	1.66552e-02	-2.56778e+05	4.14542e+01	1.66334e-09	4.27667e+03	1.83130e+02
1.83905e+02	2.52885e+03	8.74716e-09	1.66899e-02	-2.52728e+05	4.22064e+01	1.69000e-09	4.21801e+03	1.83905e+02
1.84682e+02	2.57015e+03	8.79272e-09	1.65073e-02	-2.48668e+05	4.24262e+01	1.71760e-09	4.10484e+03	1.84682e+02
1.85464e+02	2.61314e+03	8.94876e-09	1.65238e-02	-2.44577e+05	4.31791e+01	1.74633e-09	4.04136e+03	1.85464e+02
1.86221e+02	2.65717e+03	9.12938e-09	1.65780e-02	-2.40525e+05	4.40506e+01	1.77575e-09	3.98742e+03	1.86221e+02
1.87005e+02	2.70299e+03	9.22869e-09	1.64743e-02	-2.36448e+05	4.45298e+01	1.80637e-09	3.89531e+03	1.87005e+02
1.87788e+02	2.75090e+03	9.40672e-09	1.64996e-02	-2.32329e+05	4.53888e+01	1.83839e-09	3.83334e+03	1.87788e+02
1.88612e+02	2.80401e+03	9.55969e-09	1.64503e-02	-2.27929e+05	4.61269e+01	1.87388e-09	3.74951e+03	1.88612e+02
1.89419e+02	2.85793e+03	9.85175e-09	1.66331e-02	-2.23628e+05	4.75361e+01	1.90991e-09	3.71962e+03	1.89419e+02
1.90230e+02	2.91354e+03	1.00999e-08	1.67265e-02	-2.19359e+05	4.87334e+01	1.94708e-09	3.66910e+03	1.90230e+02
1.91064e+02	2.97268e+03	1.03156e-08	1.67439e-02	-2.14994e+05	4.97743e+01	1.98660e-09	3.59984e+03	1.91064e+02
1.91864e+02	3.03283e+03	1.06148e-08	1.68878e-02	-2.10730e+05	5.12179e+01	2.02680e-09	3.55876e+03	1.91864e+02
1.92654e+02	3.09527e+03	1.09473e-08	1.70656e-02	-2.06478e+05	5.28226e+01	2.06852e-09	3.52366e+03	1.92654e+02
1.93447e+02	3.15979e+03	1.13167e-08	1.72812e-02	-2.02260e+05	5.46049e+01	2.11165e-09	3.49528e+03	1.93447e+02
1.94256e+02	3.22985e+03	1.15918e-08	1.73172e-02	-1.97872e+05	5.59320e+01	2.15846e-09	3.42660e+03	1.94256e+02
1.95047e+02	3.30040e+03	1.20377e-08	1.75990e-02	-1.93641e+05	5.80837e+01	2.20561e-09	3.40789e+03	1.95047e+02
1.95844e+02	3.37448e+03	1.25662e-08	1.79683e-02	-1.89387e+05	6.06338e+01	2.25512e-09	3.40297e+03	1.95844e+02
1.96673e+02	3.45725e+03	1.29086e-08	1.80160e-02	-1.84852e+05	6.22858e+01	2.31044e-09	3.33029e+03	1.96673e+02
1.97427e+02	3.53356e+03	1.34245e-08	1.83315e-02	-1.80858e+05	6.47754e+01	2.36143e-09	3.31540e+03	1.97427e+02
1.98157e+02	3.61233e+03	1.40032e-08	1.87046e-02	-1.76912e+05	6.75674e+01	2.41407e-09	3.30908e+03	1.98157e+02
1.98913e+02	3.69827e+03	1.44645e-08	1.88719e-02	-1.72800e+05	6.97933e+01	2.47150e-09	3.26107e+03	1.98913e+02
1.99651e+02	3.78453e+03	1.51452e-08	1.93096e-02	-1.68859e+05	7.30777e+01	2.52915e-09	3.26059e+03	1.99651e+02
2.00387e+02	3.87652e+03	1.57317e-08	1.95815e-02	-1.64850e+05	7.59080e+01	2.59062e-09	3.22801e+03	2.00387e+02
2.01169e+02	3.97929e+03	1.66222e-08	2.01555e-02	-1.60589e+05	8.02048e+01	2.65931e-09	3.23675e+03	2.01169e+02
2.01989e+02	4.09074e+03	1.74426e-08	2.05741e-02	-1.56211e+05	8.41631e+01	2.73378e-09	3.21390e+03	2.01989e+02
2.02831e+02	4.21417e+03	1.84885e-08	2.11690e-02	-1.51632e+05	8.92097e+01	2.81627e-09	3.20989e+03	2.02831e+02
2.03688e+02	4.34781e+03	1.96343e-08	2.17900e-02	-1.46967e+05	9.47385e+01	2.90558e-09	3.20241e+03	2.03688e+02
2.04532e+02	4.48591e+03	2.09818e-08	2.25685e-02	-1.42438e+05	1.01240e+02	2.99787e-09	3.21461e+03	2.04532e+02
2.05400e+02	4.64234e+03	2.24750e-08	2.33601e-02	-1.37633e+05	1.08445e+02	3.10241e-09	3.21513e+03	2.05400e+02
2.06380e+02	4.82497e+03	2.42525e-08	2.42534e-02	-1.32418e+05	1.17022e+02	3.22446e-09	3.21158e+03	2.06380e+02
2.07412e+02	5.03403e+03	2.65751e-08	2.54724e-02	-1.26911e+05	1.28229e+02	3.36417e-09	3.23274e+03	2.07412e+02
2.08356e+02	5.24524e+03	2.88598e-08	2.65484e-02	-1.21794e+05	1.39253e+02	3.50532e-09	3.23344e+03	2.08356e+02
2.09266e+02	5.46258e+03	3.16864e-08	2.79890e-02	-1.16939e+05	1.52892e+02	3.65056e-09	3.27300e+03	2.09266e+02
2.10194e+02	5.70479e+03	3.47248e-08	2.93705e-02	-1.11965e+05	1.67552e+02	3.81243e-09	3.28847e+03	2.10194e+02
2.11106e+02	5.96147e+03	3.84803e-08	3.11455e-02	-1.07133e+05	1.85673e+02	3.98397e-09	3.33671e+03	2.11106e+02
2.11960e+02	6.21849e+03	4.21496e-08	3.27054e-02	-1.02695e+05	2.03378e+02	4.15573e-09	3.35867e+03	2.11960e+02
2.12761e+02	6.48412e+03	4.60881e-08	3.42964e-02	-9.84772e+04	2.22382e+02	4.33325e-09	3.37741e+03	2.12761e+02
2.13577e+02	6.83207e+03	5.13532e-08	3.62682e-02	-9.34489e+04	2.47787e+02	4.56578e-09	3.38922e+03	2.13577e+02
2.14381e+02	7.13644e+03	5.64848e-08	3.81910e-02	-8.94506e+04	2.72548e+02	4.76918e-09	3.41621e+03	2.14381e+02
2.15199e+02	7.47307e+03	6.30570e-08	4.07141e-02	-8.54041e+04	3.04260e+02	4.99415e-09	3.47715e+03	2.15199e+02
2.16029e+02	7.84681e+03	7.09225e-08	4.36116e-02	-8.13166e+04	3.42212e+02	5.24391e-09	3.54635e+03	2.16029e+02
2.16845e+02	8.24545e+03	7.98203e-08	4.67100e-02	-7.73636e+04	3.85145e+02	5.51032e-09	3.61365e+03	2.16845e+02
2.17765e+02	8.74776e+03	9.23228e-08	5.09240e-02	-7.28913e+04	4.45471e+02	5.84601e-09	3.71192e+03	2.17765e+02
2.18695e+02	9.29055e+03	1.06991e-07	5.55669e-02	-6.85989e+04	5.16247e+02	6.20875e-09	3.81183e+03	2.18695e+02
2.19603e+02	9.89023e+03	1.24199e-07	6.05929e-02	-6.44021e+04	5.99278e+02	6.60950e-09	3.90231e+03	2.19603e+02
2.20523e+02	1.05563e+04	1.46814e-07	6.71070e-02	-6.02888e+04	7.08399e+02	7.05460e-09	4.04580e+03	2.20523e+02
2.21333e+02	1.12071e+04	1.69724e-07	7.30736e-02	-5.67403e+04	8.18943e+02	7.48955e-09	4.14622e+03	2.21333e+02
2.22120e+02	1.18948e+04	1.97003e-07	7.99148e-02	-5.34043e+04	9.50570e+02	7.94913e-09	4.26779e+03	2.22120e+02
2.22898e+02	1.26065e+04	2.28260e-07	8.73666e-02	-5.03269e+04	1.10139e+03	8.42475e-09	4.39689e+03	2.22898e+02
2.23688e+02	1.34213e+04	2.67058e-07	9.60112e-02	-4.71974e+04	1.28859e+03	8.96927e-09	4.53148e+03	2.23688e+02
2.24522e+02	1.43346e+04	3.14539e-07	1.05876e-01	-4.41031e+04	1.51770e+03	9.57964e-09	4.66947e+03	2.24522e+02
2.25356e+02	1.52808e+04	3.68748e-07	1.16438e-01	-4.12766e+04	1.77926e+03	1.02119e-08	4.80617e+03	2.25356e+02
2.26069e+02	1.60765e+04	4.17575e-07	1.25329e-01	-3.91504e+04	2.01486e+03	1.07437e-08	4.90670e+03	2.26069e+02
2.26838e+02	1.69109e+04	4.73996e-07	1.35244e-01	-3.71244e+04	2.28710e+03	1.13013e-08	5.02087e+03	2.26838e+02
2.27615e+02	1.76687e+04	5.23864e-07	1.43062e-01	-3.54564e+04	2.52772e+03	1.18077e-08	5.07248e+03	2.27615e+02
2.28344e+02	1.82688e+04	5.65792e-07	1.49436e-01	-3.42290e+04	2.73003e+03	1.22088e-08	5.11506e+03	2.28344e+02
2.29250e+02	1.88690e+04	6.05188e-07	1.54758e-01	-3.30880e+04	2.92012e+03	1.26099e-08	5.12063e+03	2.29250e+02
2.30163e+02	1.92929e+04	6.28137e-07	1.57097e-01	-3.23380e+04	3.03085e+03	1.28931e-08	5.08021e+03	2.30163e+02
2.31073e+02	1.96246e+04	6.43758e-07	1.58282e-01	-3.17797e+04	3.10623e+03	1.31149e-08	5.03016e+03	2.31073e+02
2.31922e+02	1.99121e+04	6.53409e-07	1.58336e-01	-3.13204e+04	3.15280e+03	1.33070e-08	4.95913e+03	2.31922e+02
2.32791e+02	2.01988e+04	6.64965e-07	1.58849e-01	-3.08708e+04	3.20856e+03	1.34986e-08	4.90379e+03	2.32791e+02
2.33644e+02	2.04979e+04	6.78605e-07	1.59741e-01	-3.04119e+04	3.27437e+03	1.36985e-08	4.85805e+03	2.33644e+02
2.34525e+02	2.08294e+04	6.92957e-07	1.60524e-01	-2.99207e+04	3.34362e+03	1.39200e-08	4.80300e+03	2.34525e+02
2.35452e+02	2.11793e+04	7.10724e-07	1.61920e-01	-2.94134e+04	3.42935e+03	1.41539e-08	4.76262e+03	2.35452e+02
2.36355e+02	2.15168e+04	7.26724e-07	1.62968e-01	-2.89425e+04	3.50655e+03	1.43794e-08	4.71669e+03	2.36355e+02
2.37178e+02	2.17970e+04	7.37549e-07	1.63269e-01	-2.85677e+04	3.55878e+03	1.45666e-08	4.66423e+03	2.37178e+02
2.38005e+02	2.20598e+04	7.46536e-07	1.63290e-01	-2.82272e+04	3.60215e+03	1.47423e-08	4.60922e+03	2.38005e+02
2.38875e+02	2.23051e+04	7.51518e-07	1.62572e-01	-2.79231e+04	3.62619e+03	1.49062e-08	4.53951e+03	2.38875e+02
2.39802e+02	2.25746e+04	7.53704e-07	1.61098e-01	-2.76026e+04	3.63673e+03	1.50863e-08	4.44674e+03	2.39802e+02
2.40712e+02	2.28537e+04	7.58740e-07	1.60194e-01	-2.72732e+04	3.66103e+03	1.52728e-08	4.36901e+03	2.40712e+02
2.41586e+02	2.31598e+04	7.56158e-07	1.57539e-01	-2.69349e+04	3.64858e+03	1.54774e-08	4.24329e+03	2.41586e+02
2.42483e+02	2.34960e+04	7.56500e-07	1.55355e-01	-2.65672e+04	3.65022e+03	1.57020e-08	4.12736e+03	2.42483e+02
2.43334e+02	2.38524e+04	7.56274e-07	1.52988e-01	-2.61890e+04	3.64914e+03	1.59402e-08	4.00661e+03	2.43334e+02
2.44179e+02	2.42434e+04	7.56140e-07	1.50494e-01	-2.57856e+04	3.64849e+03	1.62015e-08	3.88058e+03	2.44179e+02
2.45115e+02	2.46970e+04	7.55433e-07	1.47592e-01	-2.53335e+04	3.64508e+03	1.65047e-08	3.73901e+03	2.45115e+02
2.45938e+02	2.50962e+04	7.54090e-07	1.44986e-01	-2.49491e+04	3.63860e+03	1.67715e-08	3.61726e+03	2.45938e+02
2.46816e+02	2.55773e+04	7.51503e-07	1.41771e-01	-2.45019e+04	3.62611e+03	1.70930e-08	3.47366e+03	2.46816e+02
2.47628e+02	2.60269e+04	7.46736e-07	1.38438e-01	-2.41007e+04	3.60311e+03	1.73934e-08	3.33646e+03	2.47628e+02
2.48475e+02	2.64800e+04	7.35853e-07	1.34086e-01	-2.37159e+04	3.55060e+03	1.76962e-08	3.17998e+03	2.48475e+02
2.49326e+02	2.69410e+04	7.31523e-07	1.31016e-01	-2.33288e+04	3.52971e+03	1.80043e-08	3.05644e+03	2.49326e+02
2.50180e+02	2.73961e+04	7.18926e-07	1.26621e-01	-2.29668e+04	3.46892e+03	1.83084e-08	2.90809e+03	2.50180e+02
2.51072e+02	2.78464e+04	7.02413e-07	1.21712e-01	-2.26226e+04	3.38925e+03	1.86094e-08	2.75344e+03	2.51072e+02
2.51943e+02	2.82911e+04	6.81086e-07	1.16162e-01	-2.22960e+04	3.28634e+03	1.89066e-08	2.58993e+03	2.51943e+02
2.52857e+02	2.87146e+04	6.53397e-07	1.09796e-01	-2.19984e+04	3.15274e+03	1.91896e-08	2.41532e+03	2.52857e+02
2.53735e+02	2.90814e+04	6.25621e-07	1.03802e-01	-2.17484e+04	3.01871e+03	1.94347e-08	2.25753e+03	2.53735e+02
2.54590e+02	2.94024e+04	5.93330e-07	9.73697e-02	-2.15385e+04	2.86291e+03	1.96493e-08	2.09720e+03	2.54590e+02
2.55514e+02	2.96973e+04	5.58661e-07	9.07700e-02	-2.13509e+04	2.69562e+03	1.98463e-08	1.93802e+03	2.55514e+02
2.56379e+02	2.99285e+04	5.23146e-07	8.43428e-02	-2.12097e+04	2.52426e+03	2.00008e-08	1.78888e+03	2.56379e+02
2.57161e+02	3.00968e+04	4.83821e-07	7.75667e-02	-2.11141e+04	2.33451e+03	2.01133e-08	1.63775e+03	2.57161e+02
2.58141e+02	3.01989e+04	4.36967e-07	6.98180e-02	-2.10666e+04	2.10843e+03	2.01815e-08	1.47083e+03	2.58141e+02
2.58912e+02	3.02680e+04	3.97398e-07	6.33509e-02	-2.10365e+04	1.91751e+03	2.02277e-08	1.33269e+03	2.58912e+02
2.59700e+02	3.02609e+04	3.60230e-07	5.74393e-02	-2.10565e+04	1.73816e+03	2.02229e-08	1.20947e+03	2.59700e+02
2.60492e+02	3.02561e+04	3.21953e-07	5.13441e-02	-2.10737e+04	1.55347e+03	2.02197e-08	1.08201e+03	2.60492e+02
2.61276e+02	3.01542e+04	2.88652e-07	4.61889e-02	-2.11555e+04	1.39279e+03	2.01517e-08	9.77149e+02	2.61276e+02
2.62064e+02	3.00546e+04	2.56430e-07	4.11688e-02	-2.12349e+04	1.23731e+03	2.00851e-08	8.74216e+02	2.62064e+02
2.62845e+02	2.99269e+04	2.21842e-07	3.57679e-02	-2.13344e+04	1.07042e+03	1.99997e-08	7.63089e+02	2.62845e+02
2.63627e+02	2.97023e+04	1.94234e-07	3.15534e-02	-2.15019e+04	9.37207e+02	1.98496e-08	6.78456e+02	2.63627e+02
2.64425e+02	2.95071e+04	1.68400e-07	2.75376e-02	-2.16492e+04	8.12555e+02	1.97192e-08	5.96168e+02	2.64425e+02
2.65187e+02	2.92898e+04	1.43591e-07	2.36550e-02	-2.18141e+04	6.92850e+02	1.95740e-08	5.16012e+02	2.65187e+02
2.65963e+02	2.90316e+04	1.21949e-07	2.02683e-02	-2.20114e+04	5.88423e+02	1.94014e-08	4.46135e+02	2.65963e+02
2.66729e+02	2.87864e+04	1.02662e-07	1.72081e-02	-2.22015e+04	4.95358e+02	1.92376e-08	3.82044e+02	2.66729e+02
2.67528e+02	2.85204e+04	8.92419e-08	1.50981e-02	-2.24100e+04	4.30605e+02	1.90598e-08	3.38350e+02	2.67528e+02
2.68305e+02	2.82382e+04	7.47389e-08	1.27709e-02	-2.26355e+04	3.60626e+02	1.88712e-08	2.89074e+02	2.68305e+02
2.69074e+02	2.79249e+04	6.49631e-08	1.12250e-02	-2.28903e+04	3.13457e+02	1.86618e-08	2.56944e+02	2.69074e+02
2.69856e+02	2.76479e+04	5.80230e-08	1.01263e-02	-2.31202e+04	2.79969e+02	1.84767e-08	2.34121e+02	2.69856e+02
2.70635e+02	2.73769e+04	4.71949e-08	8.31805e-03	-2.33498e+04	2.27722e+02	1.82956e-08	1.94225e+02	2.70635e+02
2.71413e+02	2.71069e+04	4.12528e-08	7.34318e-03	-2.35827e+04	1.99051e+02	1.81152e-08	1.73172e+02	2.71413e+02
2.72182e+02	2.67982e+04	3.35881e-08	6.04770e-03	-2.38548e+04	1.62068e+02	1.79089e-08	1.44266e+02	2.72182e+02
2.72978e+02	2.64932e+04	2.68211e-08	4.88486e-03	-2.41298e+04	1.29416e+02	1.77050e-08	1.17871e+02	2.72978e+02
2.73759e+02	2.61855e+04	2.30490e-08	4.24719e-03	-2.44134e+04	1.11215e+02	1.74994e-08	1.03688e+02	2.73759e+02
2.74521e+02	2.59070e+04	2.11655e-08	3.94205e-03	-2.46760e+04	1.02127e+02	1.73133e-08	9.72739e+01	2.74521e+02
2.75313e+02	2.56051e+04	1.71631e-08	3.23430e-03	-2.49670e+04	8.28147e+01	1.71116e-08	8.07506e+01	2.75313e+02
2.76084e+02	2.53144e+04	1.36036e-08	2.59297e-03	-2.52538e+04	6.56394e+01	1.69172e-08	6.54825e+01	2.76084e+02
2.76853e+02	2.50381e+04	1.29671e-08	2.49892e-03	-2.55325e+04	6.25683e+01	1.67326e-08	6.38038e+01	2.76853e+02
2.77619e+02	2.47623e+04	1.22260e-08	2.38234e-03	-2.58169e+04	5.89922e+01	1.65483e-08	6.15046e+01	2.77619e+02
2.78401e+02	2.44867e+04	1.21350e-08	2.39122e-03	-2.61075e+04	5.85530e+01	1.63641e-08	6.24288e+01	2.78401e+02
2.79184e+02	2.42030e+04	8.68419e-09	1.73129e-03	-2.64135e+04	4.19025e+01	1.61746e-08	4.57295e+01	2.79184e+02
2.79978e+02	2.39344e+04	1.27573e-08	2.57187e-03	-2.67099e+04	6.15561e+01	1.59950e-08	6.86942e+01	2.79978e+02
2.80714e+02	2.36534e+04	1.01364e-08	2.06775e-03	-2.70272e+04	4.89094e+01	1.58073e-08	5.58856e+01	2.80714e+02
2.81535e+02	2.33716e+04	6.80892e-09	1.40573e-03	-2.73532e+04	3.28541e+01	1.56189e-08	3.84511e+01	2.81535e+02
2.82257e+02	2.31362e+04	5.30625e-09	1.10664e-03	-2.76315e+04	2.56035e+01	1.54616e-08	3.05782e+01	2.82257e+02
2.83069e+02	2.28537e+04	6.60265e-09	1.39403e-03	-2.79731e+04	3.18588e+01	1.52728e-08	3.89954e+01	2.83069e+02
2.83825e+02	2.25894e+04	5.90834e-09	1.26203e-03	-2.83004e+04	2.85086e+01	1.50962e-08	3.57160e+01	2.83825e+02
2.84587e+02	2.23330e+04	4.23800e-09	9.15639e-04	-2.86252e+04	2.04490e+01	1.49249e-08	2.62104e+01	2.84587e+02
2.85408e+02	2.20455e+04	4.63855e-09	1.01525e-03	-2.89986e+04	2.23817e+01	1.47327e-08	2.94408e+01	2.85408e+02
2.86247e+02	2.17737e+04	4.80447e-09	1.06469e-03	-2.93606e+04	2.31823e+01	1.45511e-08	3.12599e+01	2.86247e+02
2.87132e+02	2.14852e+04	4.98028e-09	1.11847e-03	-2.97548e+04	2.40306e+01	1.43583e-08	3.32799e+01	2.87132e+02
2.87954e+02	2.12264e+04	4.44644e-09	1.01076e-03	-3.01177e+04	2.14547e+01	1.41853e-08	3.04417e+01	2.87954e+02
2.88818e+02	2.09375e+04	3.02130e-09	6.96274e-04	-3.05332e+04	1.45782e+01	1.39922e-08	2.12595e+01	2.88818e+02
2.89617e+02	2.06905e+04	1.27073e-09	2.96343e-04	-3.08977e+04	6.13147e+00	1.38272e-08	9.15631e+00	2.89617e+02
2.90429e+02	2.04359e+04	8.52388e-10	2.01259e-04	-3.12827e+04	4.11290e+00	1.36570e-08	6.29593e+00	2.90429e+02
2.91272e+02	2.01776e+04	3.39565e-09	8.12015e-04	-3.16831e+04	1.63845e+01	1.34844e-08	2.57271e+01	2.91272e+02
2.92105e+02	1.99292e+04	1.28416e-09	3.10912e-04	-3.20779e+04	6.19624e+00	1.33184e-08	9.97341e+00	2.92105e+02
2.92940e+02	1.96680e+04	2.71592e-09	6.66296e-04	-3.25040e+04	1.31047e+01	1.31438e-08	2.16573e+01	2.92940e+02
2.93753e+02	1.94194e+04	1.03017e-09	2.55967e-04	-3.29201e+04	4.97073e+00	1.29777e-08	8.42646e+00	2.93753e+02
2.94586e+02	1.91889e+04	3.34424e-09	8.40926e-04	-3.33155e+04	1.61365e+01	1.28237e-08	2.80159e+01	2.94586e+02
2.95418e+02	1.89369e+04	1.54782e-09	3.94388e-04	-3.37590e+04	7.46847e+00	1.26552e-08	1.33141e+01	2.95418e+02
2.96341e+02	1.86832e+04	1.24527e-09	3.21604e-04	-3.42173e+04	6.00860e+00	1.24857e-08	1.10044e+01	2.96341e+02
2.97152e+02	1.84536e+04	1.62344e-09	4.24489e-04	-3.46432e+04	7.83333e+00	1.23323e-08	1.47056e+01	2.97152e+02
2.98078e+02	1.81920e+04	1.13942e-09	3.02212e-04	-3.51412e+04	5.49785e+00	1.21575e-08	1.06201e+01	2.98078e+02
2.98881e+02	1.79637e+04	1.59599e-09	4.28691e-04	-3.55878e+04	7.70089e+00	1.20049e-08	1.52562e+01	2.98881e+02
2.99838e+02	1.77070e+04	2.14282e-09	5.83917e-04	-3.61038e+04	1.03394e+01	1.18333e-08	2.10816e+01	2.99838e+02
3.00645e+02	1.74910e+04	1.17295e-09	3.23576e-04	-3.65496e+04	5.65967e+00	1.16890e-08	1.18266e+01	3.00645e+02
3.01614e+02	1.72333e+04	1.41646e-09	3.96594e-04	-3.70961e+04	6.83465e+00	1.15168e-08	1.47121e+01	3.01614e+02
3.02414e+02	1.70228e+04	1.53147e-09	4.34098e-04	-3.75548e+04	7.38957e+00	1.13761e-08	1.63025e+01	3.02414e+02
3.03211e+02	1.68216e+04	1.25206e-09	3.59144e-04	-3.80040e+04	6.04140e+00	1.12417e-08	1.36489e+01	3.03211e+02
3.04024e+02	1.66148e+04	1.12393e-09	3.26402e-04	-3.84771e+04	5.42311e+00	1.11034e-08	1.25590e+01	3.04024e+02
3.04815e+02	1.64089e+04	1.32744e-09	3.90343e-04	-3.89600e+04	6.40508e+00	1.09658e-08	1.52078e+01	3.04815e+02
3.05651e+02	1.62027e+04	1.07195e-09	3.19225e-04	-3.94558e+04	5.17230e+00	1.08280e-08	1.25953e+01	3.05651e+02
3.06446e+02	1.59962e+04	1.22030e-09	3.68094e-04	-3.99651e+04	5.88811e+00	1.06900e-08	1.47109e+01	3.06446e+02
3.07248e+02	1.58010e+04	2.51020e-09	7.66537e-04	-4.04587e+04	1.21121e+01	1.05596e-08	3.10131e+01	3.07248e+02
3.08063e+02	1.55939e+04	3.31768e-10	1.02657e-04	-4.09962e+04	1.60083e+00	1.04212e-08	4.20856e+00	3.08063e+02
3.08873e+02	1.54057e+04	7.40047e-11	2.31787e-05	-4.14970e+04	3.57083e-01	1.02954e-08	9.61845e-01	3.08873e+02
3.09680e+02	1.52038e+04	6.37117e-10	2.02199e-04	-4.20481e+04	3.07418e+00	1.01605e-08	8.50207e+00	3.09680e+02
3.10498e+02	1.50106e+04	1.08386e-09	3.48406e-04	-4.25892e+04	5.22978e+00	1.00314e-08	1.48383e+01	3.10498e+02
3.11255e+02	1.48240e+04	4.96827e-10	1.61716e-04	-4.31254e+04	2.39726e+00	9.90665e-09	6.97405e+00	3.11255e+02
3.12036e+02	1.46459e+04	4.54548e-10	1.49753e-04	-4.36498e+04	2.19326e+00	9.78764e-09	6.53667e+00	3.12036e+02
3.12805e+02	1.44674e+04	9.21976e-10	3.07495e-04	-4.41881e+04	4.44867e+00	9.66839e-09	1.35876e+01	3.12805e+02
3.13564e+02	1.42895e+04	4.17930e-10	1.41123e-04	-4.47383e+04	2.01657e+00	9.54950e-09	6.31358e+00	3.13564e+02
3.14352e+02	1.41046e+04	7.63540e-10	2.61206e-04	-4.53250e+04	3.68420e+00	9.42588e-09	1.18392e+01	3.14352e+02
3.15116e+02	1.39343e+04	3.95467e-10	1.36941e-04	-4.58787e+04	1.90819e+00	9.31213e-09	6.28269e+00	3.15116e+02
3.15883e+02	1.37613e+04	-1.53409e-10	-5.37901e-05	-4.64556e+04	-7.40222e-01	9.19650e-09	-2.49885e+00	3.15883e+02
3.16640e+02	1.35948e+04	3.69102e-10	1.31004e-04	-4.70244e+04	1.78097e+00	9.08524e-09	6.16037e+00	3.16640e+02
3.17457e+02	1.34173e+04	4.09104e-10	1.47122e-04	-4.76465e+04	1.97399e+00	8.96662e-09	7.00985e+00	3.17457e+02
3.18230e+02	1.32462e+04	6.97788e-10	2.54180e-04	-4.82620e+04	3.36693e+00	8.85228e-09	1.22672e+01	3.18230e+02
3.19021e+02	1.30824e+04	4.86224e-10	1.79333e-04	-4.88664e+04	2.34610e+00	8.74278e-09	8.76336e+00	3.19021e+02
3.19791e+02	1.29214e+04	-1.46845e-10	-5.48354e-05	-4.94754e+04	-7.08548e-01	8.63516e-09	-2.71301e+00	3.19791e+02
3.20703e+02	1.27295e+04	6.87808e-10	2.60716e-04	-5.02211e+04	3.31878e+00	8.50694e-09	1.30934e+01	3.20703e+02
3.21577e+02	1.25554e+04	3.09127e-10	1.18800e-04	-5.09176e+04	1.49158e+00	8.39058e-09	6.04903e+00	3.21577e+02
3.22478e+02	1.23702e+04	1.15098e-10	4.48953e-05	-5.16797e+04	5.55365e-01	8.26686e-09	2.32017e+00	3.22478e+02
3.23357e+02	1.21975e+04	1.38212e-10	5.46747e-05	-5.24116e+04	6.66893e-01	8.15141e-09	2.86559e+00	3.23357e+02
3.24282e+02	1.20187e+04	-1.89909e-10	-7.62432e-05	-5.31914e+04	-9.16340e-01	8.03190e-09	-4.05548e+00	3.24282e+02
3.25167e+02	1.18523e+04	-1.01453e-10	-4.13025e-05	-5.39382e+04	-4.89528e-01	7.92070e-09	-2.22778e+00	3.25167e+02
3.26036e+02	1.16854e+04	-4.85589e-11	-2.00510e-05	-5.47083e+04	-2.34304e-01	7.80921e-09	-1.09695e+00	3.26036e+02
3.26964e+02	1.15012e+04	-8.61917e-11	-3.61605e-05	-5.55847e+04	-4.15888e-01	7.68608e-09	-2.00997e+00	3.26964e+02
3.27926e+02	1.13227e+04	6.30565e-10	2.68715e-04	-5.64611e+04	3.04257e+00	7.56677e-09	1.51720e+01	3.27926e+02
3.28776e+02	1.11681e+04	1.66598e-10	7.19785e-05	-5.72425e+04	8.03862e-01	7.46348e-09	4.12023e+00	3.28776e+02
3.29645e+02	1.10054e+04	8.64337e-12	3.78954e-06	-5.80885e+04	4.17056e-02	7.35479e-09	2.20129e-01	3.29645e+02
3.30553e+02	1.08467e+04	2.72985e-10	1.21438e-04	-5.89388e+04	1.31719e+00	7.24868e-09	7.15738e+00	3.30553e+02
3.31390e+02	1.06977e+04	-2.68438e-10	-1.21078e-04	-5.97596e+04	-1.29525e+00	7.14911e-09	-7.23558e+00	3.31390e+02
3.32324e+02	1.05304e+04	-4.87426e-10	-2.23344e-04	-6.07090e+04	-2.35190e+00	7.03732e-09	-1.35590e+01	3.32324e+02
3.33341e+02	1.03542e+04	-9.62952e-11	-4.48744e-05	-6.17420e+04	-4.64639e-01	6.91958e-09	-2.77063e+00	3.33341e+02
3.34308e+02	1.01945e+04	-1.68186e-10	-7.96045e-05	-6.27095e+04	-8.11524e-01	6.81281e-09	-4.99196e+00	3.34308e+02
3.35251e+02	1.00421e+04	-1.26355e-10	-6.07131e-05	-6.36612e+04	-6.09684e-01	6.71097e-09	-3.86507e+00	3.35251e+02
3.36198e+02	9.88843e+03	-4.15543e-10	-2.02768e-04	-6.46502e+04	-2.00505e+00	6.60830e-09	-1.31090e+01	3.36198e+02
3.37135e+02	9.73758e+03	9.97219e-11	4.94140e-05	-6.56517e+04	4.81173e-01	6.50749e-09	3.24412e+00	3.37135e+02
3.37977e+02	9.60415e+03	-1.93364e-10	-9.71465e-05	-6.65639e+04	-9.33009e-01	6.41832e-09	-6.46645e+00	3.37977e+02
3.38795e+02	9.48089e+03	-6.61413e-10	-3.36616e-04	-6.74293e+04	-3.19142e+00	6.33595e-09	-2.26978e+01	3.38795e+02
3.39604e+02	9.35737e+03	-1.30167e-10	-6.71207e-05	-6.83193e+04	-6.28073e-01	6.25340e-09	-4.58564e+00	3.39604e+02
3.40417e+02	9.23227e+03	-8.25805e-10	-4.31599e-04	-6.92451e+04	-3.98463e+00	6.16980e-09	-2.98861e+01	3.40417e+02
3.41233e+02	9.11019e+03	9.32296e-11	4.93784e-05	-7.01730e+04	4.49847e-01	6.08821e-09	3.46503e+00	3.41233e+02
3.42038e+02	8.99407e+03	-1.51288e-10	-8.11635e-05	-7.10790e+04	-7.29989e-01	6.01061e-09	-5.76902e+00	3.42038e+02
3.42861e+02	8.87017e+03	-1.35476e-10	-7.36957e-05	-7.20718e+04	-6.53693e-01	5.92781e-09	-5.31138e+00	3.42861e+02
3.43658e+02	8.75425e+03	-5.50799e-10	-3.03588e-04	-7.30262e+04	-2.65769e+00	5.85034e-09	-2.21699e+01	3.43658e+02
3.44471e+02	8.63699e+03	-1.03985e-10	-5.80922e-05	-7.40176e+04	-5.01742e-01	5.77198e-09	-4.29985e+00	3.44471e+02
3.45271e+02	8.52468e+03	-2.54750e-11	-1.44194e-05	-7.49928e+04	-1.22921e-01	5.69693e-09	-1.08135e+00	3.45271e+02
3.46119e+02	8.40776e+03	-3.55201e-10	-2.03847e-04	-7.60356e+04	-1.71390e+00	5.61879e-09	-1.54996e+01	3.46119e+02
3.46938e+02	8.29581e+03	-4.25469e-10	-2.47468e-04	-7.70617e+04	-2.05295e+00	5.54398e-09	-1.90703e+01	3.46938e+02
3.47782e+02	8.18237e+03	-1.66256e-10	-9.80412e-05	-7.81301e+04	-8.02210e-01	5.46817e-09	-7.65996e+00	3.47782e+02
3.48579e+02	8.07684e+03	8.06142e-11	4.81594e-05	-7.91509e+04	3.88975e-01	5.39764e-09	3.81186e+00	3.48579e+02
3.49676e+02	7.93076e+03	8.61987e-12	5.24441e-06	-8.06089e+04	4.15922e-02	5.30002e-09	4.22746e-01	3.49676e+02
3.50585e+02	7.81852e+03	-1.81262e-10	-1.11865e-04	-8.17661e+04	-8.74616e-01	5.22501e-09	-9.14674e+00	3.50585e+02
3.51407e+02	7.71660e+03	2.69066e-10	1.68246e-04	-8.28460e+04	1.29829e+00	5.15690e-09	1.39385e+01	3.51407e+02
3.52202e+02	7.61888e+03	-3.25441e-10	-2.06106e-04	-8.39085e+04	-1.57030e+00	5.09160e-09	-1.72941e+01	3.52202e+02
3.53096e+02	7.51371e+03	3.68935e-11	2.36923e-05	-8.50831e+04	1.78017e-01	5.02131e-09	2.01581e+00	3.53096e+02
3.53963e+02	7.40999e+03	-1.87800e-10	-1.22289e-04	-8.62739e+04	-9.06161e-01	4.95200e-09	-1.05504e+01	3.53963e+02
3.54870e+02	7.30251e+03	-1.89581e-12	-1.25266e-06	-8.75438e+04	-9.14758e-03	4.88017e-09	-1.09663e-01	3.54870e+02
3.55784e+02	7.19620e+03	-2.47343e-10	-1.65847e-04	-8.88371e+04	-1.19347e+00	4.80912e-09	-1.47333e+01	3.55784e+02
3.56669e+02	7.09736e+03	-3.01756e-10	-2.05149e-04	-9.00743e+04	-1.45602e+00	4.74307e-09	-1.84787e+01	3.56669e+02
3.57632e+02	6.98951e+03	-1.11101e-10	-7.66976e-05	-9.14641e+04	-5.36079e-01	4.67100e-09	-7.01508e+00	3.57632e+02
3.58525e+02	6.88955e+03	-4.26581e-10	-2.98760e-04	-9.27912e+04	-2.05832e+00	4.60419e-09	-2.77223e+01	3.58525e+02
3.59375e+02	6.79659e+03	1.56599e-10	1.11176e-04	-9.40603e+04	7.55615e-01	4.54207e-09	1.04572e+01	3.59375e+02
3.60260e+02	6.70303e+03	-1.84768e-10	-1.33004e-04	-9.53731e+04	-8.91533e-01	4.47955e-09	-1.26850e+01	3.60260e+02
3.61122e+02	6.61110e+03	-2.10569e-10	-1.53685e-04	-9.66993e+04	-1.01603e+00	4.41811e-09	-1.48612e+01	3.61122e+02
3.61987e+02	6.52095e+03	-1.15017e-10	-8.51063e-05	-9.80362e+04	-5.54974e-01	4.35786e-09	-8.34350e+00	3.61987e+02
3.62888e+02	6.37092e+03	-9.62834e-11	-7.29222e-05	-1.00345e+05	-4.64582e-01	4.25760e-09	-7.31738e+00	3.62888e+02
3.63787e+02	6.28206e+03	7.01381e-11	5.38719e-05	-1.01764e+05	3.38427e-01	4.19822e-09	5.48223e+00	3.63787e+02
3.64624e+02	6.20181e+03	7.34837e-11	5.71719e-05	-1.03081e+05	3.54570e-01	4.14459e-09	5.89335e+00	3.64624e+02
3.65514e+02	6.11871e+03	1.74864e-10	1.37896e-04	-1.04481e+05	8.43743e-01	4.08905e-09	1.44075e+01	3.65514e+02
3.66440e+02	6.03167e+03	2.80688e-10	2.24542e-04	-1.05989e+05	1.35436e+00	4.03088e-09	2.37989e+01	3.66440e+02
3.67307e+02	5.95255e+03	2.44453e-10	1.98154e-04	-1.07398e+05	1.17952e+00	3.97801e-09	2.12812e+01	3.67307e+02
3.68196e+02	5.87133e+03	1.63137e-10	1.34068e-04	-1.08883e+05	7.87160e-01	3.92373e-09	1.45978e+01	3.68196e+02
3.69159e+02	5.78738e+03	-5.23821e-11	-4.36729e-05	-1.10463e+05	-2.52751e-01	3.86762e-09	-4.82422e+00	3.69159e+02
3.70088e+02	5.70826e+03	9.11419e-11	7.70415e-05	-1.11994e+05	4.39773e-01	3.81475e-09	8.62817e+00	3.70088e+02
3.71139e+02	5.60937e+03	7.96296e-11	6.84969e-05	-1.13968e+05	3.84225e-01	3.74867e-09	7.80646e+00	3.71139e+02
3.72230e+02	5.51953e+03	1.18817e-10	1.03869e-04	-1.15823e+05	5.73308e-01	3.68863e-09	1.20304e+01	3.72230e+02
3.73178e+02	5.44173e+03	1.22452e-10	1.08577e-04	-1.17479e+05	5.90848e-01	3.63663e-09	1.27555e+01	3.73178e+02
3.74120e+02	5.36455e+03	7.14896e-11	6.43014e-05	-1.19169e+05	3.44948e-01	3.58506e-09	7.66275e+00	3.74120e+02
3.75064e+02	5.28989e+03	2.04837e-10	1.86841e-04	-1.20851e+05	9.88367e-01	3.53516e-09	2.25799e+01	3.75064e+02
3.76067e+02	5.21183e+03	1.20006e-11	1.11102e-05	-1.22661e+05	5.79045e-02	3.48299e-09	1.36279e+00	3.76067e+02
3.77039e+02	5.13669e+03	-2.54737e-11	-2.39287e-05	-1.24456e+05	-1.22914e-01	3.43278e-09	-2.97806e+00	3.77039e+02
3.77905e+02	5.07319e+03	-1.61541e-12	-1.53643e-06	-1.26013e+05	-7.79459e-03	3.39034e-09	-1.93610e-01	3.77905e+02
3.78784e+02	5.00705e+03	7.13653e-11	6.87727e-05	-1.27678e+05	3.44348e-01	3.34614e-09	8.78075e+00	3.78784e+02
3.79707e+02	4.94120e+03	-1.23088e-10	-1.20198e-04	-1.29379e+05	-5.93920e-01	3.30213e-09	-1.55511e+01	3.79707e+02
3.80569e+02	4.87904e+03	4.56947e-12	4.51900e-06	-1.31028e+05	2.20484e-02	3.26059e-09	5.92115e-01	3.80569e+02
3.81401e+02	4.81977e+03	9.26535e-11	9.27569e-05	-1.32639e+05	4.47067e-01	3.22099e-09	1.23032e+01	3.81401e+02
3.82231e+02	4.76292e+03	1.17994e-10	1.19536e-04	-1.34222e+05	5.69338e-01	3.18299e-09	1.60443e+01	3.82231e+02
3.83064e+02	4.70526e+03	2.00481e-10	2.05589e-04	-1.35867e+05	9.67349e-01	3.14446e-09	2.79327e+01	3.83064e+02
3.83936e+02	4.64725e+03	1.88290e-11	1.95498e-05	-1.37563e+05	9.08526e-02	3.10569e-09	2.68933e+00	3.83936e+02
3.84801e+02	4.58895e+03	6.52750e-12	6.86348e-06	-1.39311e+05	3.14962e-02	3.06673e-09	9.56156e-01	3.84801e+02
3.85650e+02	4.53422e+03	1.12242e-10	1.19443e-04	-1.40992e+05	5.41583e-01	3.03016e-09	1.68405e+01	3.85650e+02
3.86491e+02	4.47854e+03	7.96308e-11	8.57937e-05	-1.42745e+05	3.84230e-01	2.99295e-09	1.22466e+01	3.86491e+02
3.87355e+02	4.42427e+03	2.25756e-11	2.46211e-05	-1.44496e+05	1.08930e-01	2.95668e-09	3.55765e+00	3.87355e+02
3.88180e+02	4.37398e+03	5.30842e-11	5.85597e-05	-1.46157e+05	2.56139e-01	2.92307e-09	8.55892e+00	3.88180e+02
3.89042e+02	4.32097e+03	-5.68178e-11	-6.34474e-05	-1.47950e+05	-2.74154e-01	2.88765e-09	-9.38705e+00	3.89042e+02
3.89868e+02	4.26891e+03	2.74110e-11	3.09826e-05	-1.49755e+05	1.32262e-01	2.85286e-09	4.63979e+00	3.89868e+02
3.90714e+02	4.22034e+03	1.63412e-11	1.86830e-05	-1.51478e+05	7.88485e-02	2.82040e-09	2.83006e+00	3.90714e+02
3.91633e+02	4.16359e+03	-6.77713e-11	-7.85396e-05	-1.53543e+05	-3.27007e-01	2.78247e-09	-1.20592e+01	3.91633e+02
3.92533e+02	4.11344e+03	-1.87921e-11	-2.20435e-05	-1.55415e+05	-9.06744e-02	2.74895e-09	-3.42589e+00	3.92533e+02
3.93316e+02	4.07023e+03	-4.08388e-11	-4.84134e-05	-1.57065e+05	-1.97053e-01	2.72008e-09	-7.60403e+00	3.93316e+02
3.94072e+02	4.02789e+03	-4.83982e-11	-5.79779e-05	-1.58716e+05	-2.33529e-01	2.69178e-09	-9.20201e+00	3.94072e+02
3.94821e+02	3.98779e+03	8.68579e-13	1.05096e-06	-1.60312e+05	4.19102e-03	2.66499e-09	1.68482e-01	3.94821e+02
3.95549e+02	3.94939e+03	-4.86152e-11	-5.93955e-05	-1.61870e+05	-2.34576e-01	2.63932e-09	-9.61437e+00	3.95549e+02
3.96296e+02	3.90948e+03	-8.18596e-11	-1.01033e-04	-1.63523e+05	-3.94985e-01	2.61265e-09	-1.65211e+01	3.96296e+02
3.97031e+02	3.87131e+03	4.86631e-11	6.06530e-05	-1.65135e+05	2.34807e-01	2.58714e-09	1.00159e+01	3.97031e+02
3.97862e+02	3.83062e+03	1.07146e-10	1.34964e-04	-1.66889e+05	5.16994e-01	2.55995e-09	2.25240e+01	3.97862e+02
3.98571e+02	3.79383e+03	5.29521e-11	6.73465e-05	-1.68507e+05	2.55502e-01	2.53537e-09	1.13484e+01	3.98571e+02
3.99300e+02	3.75763e+03	-1.50434e-11	-1.93171e-05	-1.70131e+05	-7.25868e-02	2.51118e-09	-3.28644e+00	3.99300e+02
4.00073e+02	3.71932e+03	3.20890e-11	4.16297e-05	-1.71883e+05	1.54834e-01	2.48557e-09	7.15545e+00	4.00073e+02
4.00840e+02	3.68320e+03	-6.15708e-11	-8.06604e-05	-1.73569e+05	-2.97088e-01	2.46143e-09	-1.40002e+01	4.00840e+02
4.01620e+02	3.64503e+03	1.03247e-11	1.36674e-05	-1.75387e+05	4.98181e-02	2.43592e-09	2.39709e+00	4.01620e+02
4.02381e+02	3.60861e+03	-2.28932e-11	-3.06110e-05	-1.77157e+05	-1.10463e-01	2.41159e-09	-5.42295e+00	4.02381e+02
4.03171e+02	3.57354e+03	-2.97278e-11	-4.01397e-05	-1.78895e+05	-1.43441e-01	2.38815e-09	-7.18081e+00	4.03171e+02
4.03944e+02	3.53648e+03	1.04181e-10	1.42143e-04	-1.80770e+05	5.02687e-01	2.36338e-09	2.56952e+01	4.03944e+02
4.04748e+02	3.50101e+03	-3.24592e-11	-4.47358e-05	-1.82601e+05	-1.56621e-01	2.33968e-09	-8.16881e+00	4.04748e+02
4.05620e+02	3.45854e+03	5.54322e-11	7.73357e-05	-1.84844e+05	2.67469e-01	2.31130e-09	1.42950e+01	4.05620e+02
4.06667e+02	3.41410e+03	2.24695e-11	3.17561e-05	-1.87250e+05	1.08419e-01	2.28160e-09	5.94633e+00	4.06667e+02
4.07480e+02	3.37949e+03	-1.51520e-11	-2.16336e-05	-1.89167e+05	-7.31106e-02	2.25847e-09	-4.09238e+00	4.07480e+02
4.08283e+02	3.34488e+03	-2.48759e-11	-3.58847e-05	-1.91125e+05	-1.20030e-01	2.23534e-09	-6.85844e+00	4.08283e+02
4.09105e+02	3.31052e+03	2.76470e-11	4.02961e-05	-1.93108e+05	1.33401e-01	2.21237e-09	7.78152e+00	4.09105e+02
4.09885e+02	3.27990e+03	1.74430e-11	2.56609e-05	-1.94911e+05	8.41652e-02	2.19192e-09	5.00158e+00	4.09885e+02
4.10681e+02	3.24562e+03	7.47571e-11	1.11139e-04	-1.96970e+05	3.60714e-01	2.16900e-09	2.18910e+01	4.10681e+02
4.11491e+02	3.21422e+03	2.76391e-11	4.14916e-05	-1.98894e+05	1.33363e-01	2.14802e-09	8.25244e+00	4.11491e+02
4.12265e+02	3.18350e+03	6.82594e-12	1.03459e-05	-2.00813e+05	3.29362e-02	2.12749e-09	2.07759e+00	4.12265e+02
4.13102e+02	3.15136e+03	-3.82238e-11	-5.85256e-05	-2.02861e+05	-1.84435e-01	2.10601e-09	-1.18726e+01	4.13102e+02
4.13856e+02	3.12275e+03	1.10432e-11	1.70634e-05	-2.04720e+05	5.32849e-02	2.08689e-09	3.49322e+00	4.13856e+02
4.14636e+02	3.09347e+03	6.91927e-11	1.07926e-04	-2.06657e+05	3.33865e-01	2.06733e-09	2.23036e+01	4.14636e+02
4.15441e+02	3.06343e+03	3.32152e-11	5.23167e-05	-2.08684e+05	1.60268e-01	2.04725e-09	1.09177e+01	4.15441e+02
4.16205e+02	3.03542e+03	6.37617e-11	1.01357e-04	-2.10610e+05	3.07660e-01	2.02853e-09	2.13467e+01	4.16205e+02
4.17006e+02	3.00641e+03	1.14459e-10	1.83702e-04	-2.12642e+05	5.52283e-01	2.00914e-09	3.90627e+01	4.17006e+02
4.17830e+02	2.97691e+03	3.63241e-11	5.88762e-05	-2.14749e+05	1.75269e-01	1.98943e-09	1.26436e+01	4.17830e+02
4.18599e+02	2.95030e+03	5.10995e-11	8.35721e-05	-2.16686e+05	2.46563e-01	1.97165e-09	1.81089e+01	4.18599e+02
4.19382e+02	2.92268e+03	3.72491e-11	6.14957e-05	-2.18734e+05	1.79732e-01	1.95319e-09	1.34512e+01	4.19382e+02
4.20183e+02	2.89588e+03	8.42626e-11	1.40399e-04	-2.20758e+05	4.06580e-01	1.93528e-09	3.09943e+01	4.20183e+02
4.20960e+02	2.86860e+03	-3.71216e-12	-6.24408e-06	-2.22858e+05	-1.79117e-02	1.91704e-09	-1.39154e+00	4.20960e+02
4.21784e+02	2.84120e+03	2.58315e-11	4.38690e-05	-2.25006e+05	1.24641e-01	1.89874e-09	9.87080e+00	4.21784e+02
4.22604e+02	2.81436e+03	2.10373e-11	3.60679e-05	-2.27152e+05	1.01508e-01	1.88080e-09	8.19291e+00	4.22604e+02
4.23349e+02	2.79041e+03	2.02102e-11	3.49472e-05	-2.29102e+05	9.75171e-02	1.86479e-09	8.00648e+00	4.23349e+02
4.24204e+02	2.76212e+03	1.44847e-11	2.53033e-05	-2.31448e+05	6.98909e-02	1.84589e-09	5.85642e+00	4.24204e+02
4.25090e+02	2.73517e+03	1.01481e-10	1.79023e-04	-2.33729e+05	4.89659e-01	1.82788e-09	4.18430e+01	4.25090e+02
4.25868e+02	2.71011e+03	3.12808e-11	5.56932e-05	-2.35891e+05	1.50935e-01	1.81113e-09	1.31375e+01	4.25868e+02
4.26683e+02	2.68550e+03	6.52963e-11	1.17320e-04	-2.38052e+05	3.15064e-01	1.79469e-09	2.79284e+01	4.26683e+02
4.27503e+02	2.66097e+03	1.02208e-10	1.85335e-04	-2.40247e+05	4.93169e-01	1.77829e-09	4.45261e+01	4.27503e+02
4.28406e+02	2.63450e+03	6.21502e-11	1.13830e-04	-2.42661e+05	2.99884e-01	1.76060e-09	2.76220e+01	4.28406e+02
4.29157e+02	2.61287e+03	-6.02922e-13	-1.11341e-06	-2.44670e+05	-2.90919e-03	1.74614e-09	-2.72418e-01	4.29157e+02
4.29952e+02	2.59052e+03	3.09358e-11	5.76216e-05	-2.46780e+05	1.49270e-01	1.73121e-09	1.42199e+01	4.29952e+02
4.30694e+02	2.56885e+03	7.17132e-11	1.34701e-04	-2.48862e+05	3.46027e-01	1.71673e-09	3.35219e+01	4.30694e+02
4.31494e+02	2.54669e+03	2.97692e-11	5.64029e-05	-2.51028e+05	1.43641e-01	1.70192e-09	1.41587e+01	4.31494e+02
4.32260e+02	2.52525e+03	5.23997e-11	1.00123e-04	-2.53159e+05	2.52836e-01	1.68759e-09	2.53471e+01	4.32260e+02
4.33039e+02	2.50400e+03	9.45786e-11	1.82251e-04	-2.55308e+05	4.56356e-01	1.67339e-09	4.65301e+01	4.33039e+02
4.33811e+02	2.48301e+03	7.68893e-11	1.49416e-04	-2.57466e+05	3.71002e-01	1.65936e-09	3.84696e+01	4.33811e+02
4.34559e+02	2.46349e+03	5.40913e-11	1.05947e-04	-2.59505e+05	2.60999e-01	1.64632e-09	2.74937e+01	4.34559e+02
4.35609e+02	2.43392e+03	1.41943e-10	2.81397e-04	-2.62658e+05	6.84898e-01	1.62656e-09	7.39110e+01	4.35609e+02
4.36538e+02	2.41023e+03	7.53423e-11	1.50831e-04	-2.65240e+05	3.63538e-01	1.61073e-09	4.00064e+01	4.36538e+02
4.37301e+02	2.39079e+03	8.39308e-11	1.69391e-04	-2.67397e+05	4.04978e-01	1.59773e-09	4.52947e+01	4.37301e+02
4.38099e+02	2.37177e+03	4.86643e-13	9.90031e-07	-2.69541e+05	2.34813e-03	1.58502e-09	2.66854e-01	4.38099e+02
4.38970e+02	2.34990e+03	6.11866e-11	1.25637e-04	-2.72050e+05	2.95234e-01	1.57040e-09	3.41796e+01	4.38970e+02
4.39794e+02	2.32941e+03	7.45891e-11	1.54504e-04	-2.74443e+05	3.59903e-01	1.55671e-09	4.24027e+01	4.39794e+02
4.40665e+02	2.30846e+03	5.37830e-11	1.12417e-04	-2.76933e+05	2.59511e-01	1.54271e-09	3.11321e+01	4.40665e+02
4.41487e+02	2.28943e+03	6.53544e-11	1.37739e-04	-2.79235e+05	3.15345e-01	1.53000e-09	3.84616e+01	4.41487e+02
4.42336e+02	2.26904e+03	1.00900e-10	2.14565e-04	-2.81744e+05	4.86857e-01	1.51637e-09	6.04525e+01	4.42336e+02
4.43185e+02	2.24936e+03	7.10303e-11	1.52368e-04	-2.84209e+05	3.42732e-01	1.50322e-09	4.33045e+01	4.43185e+02
4.44034e+02	2.23033e+03	6.61689e-11	1.43152e-04	-2.86635e+05	3.19275e-01	1.49050e-09	4.10323e+01	4.44034e+02
4.44881e+02	2.21112e+03	8.53567e-11	1.86267e-04	-2.89124e+05	4.11859e-01	1.47766e-09	5.38543e+01	4.44881e+02
4.45723e+02	2.19183e+03	1.01230e-10	2.22851e-04	-2.91669e+05	4.88451e-01	1.46477e-09	6.49987e+01	4.45723e+02
4.46564e+02	2.17443e+03	1.41822e-10	3.14709e-04	-2.94003e+05	6.84312e-01	1.45314e-09	9.25253e+01	4.46564e+02
4.47412e+02	2.15557e+03	7.43433e-11	1.66414e-04	-2.96575e+05	3.58717e-01	1.44054e-09	4.93543e+01	4.47412e+02
4.48239e+02	2.13779e+03	8.12912e-11	1.83480e-04	-2.99042e+05	3.92242e-01	1.42866e-09	5.48682e+01	4.48239e+02
4.48360e+02	2.14303e+03	1.05841e-10	2.38307e-04	-2.98311e+05	5.10699e-01	1.43216e-09	7.10895e+01	4.48360e+02
4.46901e+02	2.18032e+03	1.25381e-10	2.77473e-04	-2.93209e+05	6.04981e-01	1.45708e-09	8.13577e+01	4.46901e+02
4.45243e+02	2.21985e+03	1.11219e-10	2.41750e-04	-2.87988e+05	5.36647e-01	1.48349e-09	6.96211e+01	4.45243e+02
4.43583e+02	2.26002e+03	5.50877e-11	1.17612e-04	-2.82869e+05	2.65806e-01	1.51034e-09	3.32688e+01	4.43583e+02
4.41889e+02	2.30219e+03	8.87258e-11	1.85960e-04	-2.77688e+05	4.28115e-01	1.53852e-09	5.16388e+01	4.41889e+02
4.40208e+02	2.34487e+03	9.80399e-11	2.01741e-04	-2.72633e+05	4.73057e-01	1.56704e-09	5.50015e+01	4.40208e+02
4.38395e+02	2.39096e+03	8.25788e-11	1.66651e-04	-2.67378e+05	3.98455e-01	1.59785e-09	4.45587e+01	4.38395e+02
4.36832e+02	2.43314e+03	1.22843e-10	2.43609e-04	-2.62742e+05	5.92736e-01	1.62604e-09	6.40063e+01	4.36832e+02
4.35312e+02	2.47400e+03	5.48292e-11	1.06936e-04	-2.58403e+05	2.64559e-01	1.65334e-09	2.76325e+01	4.35312e+02
4.33796e+02	2.51667e+03	4.06987e-11	7.80308e-05	-2.54022e+05	1.96377e-01	1.68185e-09	1.98216e+01	4.33796e+02
4.32149e+02	2.56305e+03	4.45094e-11	8.37925e-05	-2.49425e+05	2.14764e-01	1.71285e-09	2.09000e+01	4.32149e+02
4.30635e+02	2.60686e+03	1.14054e-11	2.11108e-05	-2.45234e+05	5.50327e-02	1.74213e-09	5.17707e+00	4.30635e+02
4.29052e+02	2.65386e+03	1.09597e-10	1.99265e-04	-2.40890e+05	5.28821e-01	1.77354e-09	4.80009e+01	4.29052e+02
4.27517e+02	2.70124e+03	1.89556e-11	3.38599e-05	-2.36665e+05	9.14638e-02	1.80520e-09	8.01346e+00	4.27517e+02
4.25862e+02	2.75238e+03	6.09624e-11	1.06872e-04	-2.32267e+05	2.94153e-01	1.83938e-09	2.48229e+01	4.25862e+02
4.24279e+02	2.80386e+03	1.11339e-10	1.91603e-04	-2.28004e+05	5.37226e-01	1.87378e-09	4.36861e+01	4.24279e+02
4.22687e+02	2.85687e+03	1.59034e-11	2.68601e-05	-2.23772e+05	7.67360e-02	1.90921e-09	6.01056e+00	4.22687e+02
4.21083e+02	2.91112e+03	3.04563e-11	5.04810e-05	-2.19602e+05	1.46956e-01	1.94546e-09	1.10857e+01	4.21083e+02
4.19517e+02	2.96700e+03	4.59080e-11	7.46588e-05	-2.15466e+05	2.21513e-01	1.98281e-09	1.60865e+01	4.19517e+02
4.17987e+02	3.02209e+03	2.88089e-11	4.59971e-05	-2.11539e+05	1.39007e-01	2.01962e-09	9.73019e+00	4.17987e+02
4.16414e+02	3.07902e+03	4.90097e-11	7.68034e-05	-2.07628e+05	2.36479e-01	2.05767e-09	1.59465e+01	4.16414e+02
4.14806e+02	3.14019e+03	1.04830e-10	1.61080e-04	-2.03583e+05	5.05822e-01	2.09855e-09	3.27931e+01	4.14806e+02
4.13199e+02	3.20217e+03	4.05552e-11	6.11099e-05	-1.99642e+05	1.95685e-01	2.13997e-09	1.22001e+01	4.13199e+02
4.11603e+02	3.26817e+03	4.41473e-11	6.51794e-05	-1.95611e+05	2.13017e-01	2.18407e-09	1.27498e+01	4.11603e+02
4.10016e+02	3.33496e+03	4.55244e-11	6.58664e-05	-1.91693e+05	2.19662e-01	2.22871e-09	1.26261e+01	4.10016e+02
4.08390e+02	3.40439e+03	4.99769e-11	7.08338e-05	-1.87784e+05	2.41146e-01	2.27511e-09	1.33014e+01	4.08390e+02
4.06847e+02	3.47247e+03	6.49683e-12	9.02762e-06	-1.84102e+05	3.13482e-02	2.32061e-09	1.66200e+00	4.06847e+02
4.05244e+02	3.54370e+03	-3.06521e-11	-4.17363e-05	-1.80402e+05	-1.47901e-01	2.36820e-09	-7.52931e+00	4.05244e+02
4.03702e+02	3.61860e+03	1.41327e-10	1.88450e-04	-1.76668e+05	6.81926e-01	2.41826e-09	3.32930e+01	4.03702e+02
4.02156e+02	3.69271e+03	3.70893e-12	4.84635e-06	-1.73122e+05	1.78962e-02	2.46779e-09	8.39009e-01	4.02156e+02
4.00449e+02	3.77495e+03	4.11884e-12	5.26472e-06	-1.69351e+05	1.98740e-02	2.52274e-09	8.91583e-01	4.00449e+02
3.99061e+02	3.84498e+03	4.56258e-11	5.72567e-05	-1.66266e+05	2.20151e-01	2.56955e-09	9.51984e+00	3.99061e+02
3.97534e+02	3.92377e+03	5.63146e-11	6.92513e-05	-1.62927e+05	2.71726e-01	2.62220e-09	1.12829e+01	3.97534e+02
3.96044e+02	4.01466e+03	-7.14411e-11	-8.58639e-05	-1.59239e+05	-3.44714e-01	2.68294e-09	-1.36729e+01	3.96044e+02