PMN 25mkm, 24.5.2021, 17:33
Diameter[mm] 2.000e+00  Thickness[mm] 2.500e-02  Spacer Capacity[pF] 0.000e+00  Spacer Area[mm^2] 0.000e+00
Fixed value(s) :  Freq. [Hz]=2.858e+05  AC Volt  [Vrms]=2.000e-01
 Temp. [K]	 Eps'    	 Eps''   	 Sig' [S/cm]	Tan(Delta)  	  Cp' [F]	 Zs' [Ohms]	 Zs'' [Ohms]	M Temp [K]
2.97137e+02	7.22924e+03	2.62967e+03	4.18082e-04	3.63755e-01	8.04362e-09	2.22422e+01	-6.11461e+01	2.97137e+02
3.00849e+02	7.04169e+03	2.40915e+03	3.83023e-04	3.42127e-01	7.83495e-09	2.17704e+01	-6.36326e+01	3.00849e+02
3.06734e+02	6.74856e+03	2.16103e+03	3.43575e-04	3.20221e-01	7.50880e-09	2.15414e+01	-6.72703e+01	3.06734e+02
3.10950e+02	6.90178e+03	1.26204e+03	2.00647e-04	1.82857e-01	7.67928e-09	1.28320e+01	-7.01754e+01	3.10950e+02
3.15422e+02	6.64224e+03	1.05421e+03	1.67606e-04	1.58713e-01	7.39050e-09	1.16661e+01	-7.35039e+01	3.15422e+02
3.20109e+02	6.33922e+03	9.33204e+02	1.48367e-04	1.47211e-01	7.05334e-09	1.13769e+01	-7.72828e+01	3.20109e+02
3.24918e+02	6.02351e+03	8.50475e+02	1.35214e-04	1.41192e-01	6.70207e-09	1.15032e+01	-8.14718e+01	3.24918e+02
3.29843e+02	5.71261e+03	7.59177e+02	1.20699e-04	1.32895e-01	6.35614e-09	1.14420e+01	-8.60978e+01	3.29843e+02
3.34775e+02	5.38869e+03	7.46530e+02	1.18688e-04	1.38536e-01	5.99573e-09	1.26257e+01	-9.11361e+01	3.34775e+02
3.39787e+02	5.07429e+03	7.25057e+02	1.15274e-04	1.42888e-01	5.64592e-09	1.38125e+01	-9.66667e+01	3.39787e+02
3.44861e+02	4.75061e+03	7.56536e+02	1.20279e-04	1.59250e-01	5.28577e-09	1.63638e+01	-1.02755e+02	3.44861e+02
3.49943e+02	4.46062e+03	7.35003e+02	1.16856e-04	1.64776e-01	4.96312e-09	1.80008e+01	-1.09245e+02	3.49943e+02
3.55028e+02	4.17438e+03	7.42788e+02	1.18093e-04	1.77940e-01	4.64463e-09	2.06811e+01	-1.16225e+02	3.55028e+02
3.60087e+02	3.87751e+03	7.81654e+02	1.24273e-04	2.01587e-01	4.31432e-09	2.50057e+01	-1.24045e+02	3.60087e+02
3.64191e+02	3.65955e+03	8.32532e+02	1.32361e-04	2.27496e-01	4.07180e-09	2.95843e+01	-1.30043e+02	3.64191e+02
3.68508e+02	2.05878e+01	1.13870e+00	1.81037e-07	5.53091e-02	2.29071e-11	1.34057e+03	-2.42378e+04	3.68508e+02
3.72702e+02	2.10173e+01	1.22477e+00	1.94722e-07	5.82744e-02	2.33849e-11	1.38312e+03	-2.37345e+04	3.72702e+02
3.78118e+02	2.16940e+01	1.36593e+00	2.17165e-07	6.29637e-02	2.41379e-11	1.44698e+03	-2.29811e+04	3.78118e+02
3.82622e+02	2.63505e+01	1.93590e+00	3.07782e-07	7.34671e-02	2.93190e-11	1.38802e+03	-1.88931e+04	3.82622e+02
3.87453e+02	2.62812e+01	2.02449e+00	3.21867e-07	7.70319e-02	2.92418e-11	1.45843e+03	-1.89328e+04	3.87453e+02
3.91344e+02	2.80694e+01	3.79352e+00	6.03119e-07	1.35148e-01	3.12315e-11	2.36671e+03	-1.75120e+04	3.91344e+02
3.95319e+02	3.26912e+01	3.41070e+00	5.42256e-07	1.04331e-01	3.63739e-11	1.58019e+03	-1.51460e+04	3.95319e+02
3.98992e+02	3.10984e+02	7.80054e+02	1.24018e-04	2.50834e+00	3.46017e-10	5.53662e+02	-2.20729e+02	3.98992e+02
4.03038e+02	2.37543e+03	3.30108e+02	5.24827e-05	1.38968e-01	2.64302e-09	2.87273e+01	-2.06719e+02	4.03038e+02
4.06693e+02	2.27753e+03	3.31463e+02	5.26982e-05	1.45536e-01	2.53410e-09	3.13209e+01	-2.15210e+02	4.06693e+02
4.10336e+02	4.10902e+01	4.56185e+00	7.25272e-07	1.11020e-01	4.57191e-11	1.33590e+03	-1.20329e+04	4.10336e+02
4.14355e+02	3.79077e+01	4.22378e+00	6.71524e-07	1.11423e-01	4.21781e-11	1.45317e+03	-1.30420e+04	4.14355e+02
4.17704e+02	3.83543e+01	4.34595e+00	6.90947e-07	1.13311e-01	4.26750e-11	1.45997e+03	-1.28847e+04	4.17704e+02
4.21096e+02	3.92520e+01	4.49838e+00	7.15183e-07	1.14603e-01	4.36738e-11	1.44243e+03	-1.25864e+04	4.21096e+02
4.24502e+02	4.14105e+01	5.09294e+00	8.09709e-07	1.22986e-01	4.60755e-11	1.46439e+03	-1.19069e+04	4.24502e+02
4.27838e+02	1.79680e+03	3.51003e+02	5.58047e-05	1.95349e-01	1.99921e-09	5.24177e+01	-2.68328e+02	4.27838e+02
4.31118e+02	1.74418e+03	3.28303e+02	5.21958e-05	1.88228e-01	1.94066e-09	5.21679e+01	-2.77152e+02	4.31118e+02
4.34347e+02	1.69266e+03	3.11045e+02	4.94519e-05	1.83760e-01	1.88335e-09	5.25639e+01	-2.86046e+02	4.34347e+02
4.37537e+02	1.64479e+03	2.94888e+02	4.68832e-05	1.79286e-01	1.83008e-09	5.28599e+01	-2.94835e+02	4.37537e+02
4.40733e+02	1.59858e+03	2.77976e+02	4.41944e-05	1.73889e-01	1.77867e-09	5.28480e+01	-3.03918e+02	4.40733e+02
4.43848e+02	1.55528e+03	2.63493e+02	4.18919e-05	1.69418e-01	1.73049e-09	5.30019e+01	-3.12846e+02	4.43848e+02
4.46892e+02	1.51453e+03	2.49049e+02	3.95954e-05	1.64440e-01	1.68514e-09	5.29140e+01	-3.21784e+02	4.46892e+02
4.49794e+02	1.47851e+03	2.37374e+02	3.77393e-05	1.60550e-01	1.64507e-09	5.29861e+01	-3.30030e+02	4.49794e+02
4.50720e+02	1.47051e+03	2.32436e+02	3.69541e-05	1.58065e-01	1.63616e-09	5.24906e+01	-3.32082e+02	4.50720e+02
4.50438e+02	1.47606e+03	2.34474e+02	3.72782e-05	1.58851e-01	1.64234e-09	5.25405e+01	-3.30752e+02	4.50438e+02
4.50093e+02	1.48004e+03	2.35279e+02	3.74063e-05	1.58968e-01	1.64677e-09	5.24357e+01	-3.29850e+02	4.50093e+02
4.49979e+02	1.48651e+03	2.21368e+02	3.51945e-05	1.48918e-01	1.65397e-09	4.90549e+01	-3.29409e+02	4.49979e+02
4.49994e+02	1.49023e+03	2.17926e+02	3.46473e-05	1.46236e-01	1.65811e-09	4.80885e+01	-3.28841e+02	4.49994e+02
4.49983e+02	1.48828e+03	2.16584e+02	3.44339e-05	1.45526e-01	1.65594e-09	4.79274e+01	-3.29339e+02	4.49983e+02
4.49991e+02	1.48877e+03	2.15870e+02	3.43204e-05	1.44999e-01	1.65648e-09	4.77452e+01	-3.29280e+02	4.49991e+02
4.50061e+02	1.48806e+03	2.16604e+02	3.44372e-05	1.45562e-01	1.65569e-09	4.79459e+01	-3.29385e+02	4.50061e+02
4.50051e+02	1.48750e+03	2.18572e+02	3.47500e-05	1.46940e-01	1.65506e-09	4.83990e+01	-3.29380e+02	4.50051e+02
4.50048e+02	1.48786e+03	2.18481e+02	3.47355e-05	1.46843e-01	1.65547e-09	4.83565e+01	-3.29309e+02	4.50048e+02
4.50017e+02	1.48761e+03	2.20879e+02	3.51168e-05	1.48479e-01	1.65520e-09	4.88803e+01	-3.29207e+02	4.50017e+02
4.50016e+02	1.48718e+03	2.23368e+02	3.55126e-05	1.50196e-01	1.65471e-09	4.94353e+01	-3.29138e+02	4.50016e+02
4.50043e+02	1.48717e+03	2.22072e+02	3.53064e-05	1.49325e-01	1.65470e-09	4.91615e+01	-3.29224e+02	4.50043e+02
4.50009e+02	1.48763e+03	2.23171e+02	3.54812e-05	1.50018e-01	1.65522e-09	4.93640e+01	-3.29055e+02	4.50009e+02
4.49971e+02	1.48780e+03	2.24709e+02	3.57256e-05	1.51034e-01	1.65540e-09	4.96782e+01	-3.28920e+02	4.49971e+02
4.49961e+02	1.48745e+03	2.26359e+02	3.59880e-05	1.52179e-01	1.65501e-09	5.00494e+01	-3.28885e+02	4.49961e+02
4.50013e+02	1.48675e+03	2.26774e+02	3.60540e-05	1.52530e-01	1.65424e-09	5.01830e+01	-3.29005e+02	4.50013e+02
4.50032e+02	1.48623e+03	2.28075e+02	3.62609e-05	1.53459e-01	1.65366e-09	5.04923e+01	-3.29029e+02	4.50032e+02
4.49718e+02	1.48983e+03	2.32974e+02	3.70397e-05	1.56375e-01	1.65767e-09	5.12824e+01	-3.27944e+02	4.49718e+02
4.48261e+02	1.50940e+03	2.40922e+02	3.83033e-05	1.59614e-01	1.67943e-09	5.16145e+01	-3.23370e+02	4.48261e+02
4.46634e+02	1.53186e+03	2.45612e+02	3.90490e-05	1.60335e-01	1.70443e-09	5.10759e+01	-3.18556e+02	4.46634e+02
4.45111e+02	1.55280e+03	2.51760e+02	4.00265e-05	1.62133e-01	1.72772e-09	5.09234e+01	-3.14084e+02	4.45111e+02
4.43574e+02	1.57426e+03	2.58378e+02	4.10786e-05	1.64126e-01	1.75161e-09	5.08143e+01	-3.09605e+02	4.43574e+02
4.42066e+02	1.59480e+03	2.66786e+02	4.24154e-05	1.67285e-01	1.77445e-09	5.10735e+01	-3.05308e+02	4.42066e+02
4.40553e+02	1.61593e+03	2.76020e+02	4.38834e-05	1.70812e-01	1.79797e-09	5.14085e+01	-3.00966e+02	4.40553e+02
4.38993e+02	1.63756e+03	2.87807e+02	4.57575e-05	1.75753e-01	1.82204e-09	5.21103e+01	-2.96496e+02	4.38993e+02
4.37375e+02	1.66026e+03	2.99303e+02	4.75851e-05	1.80275e-01	1.84729e-09	5.26379e+01	-2.91987e+02	4.37375e+02
4.35759e+02	1.68688e+03	3.07286e+02	4.88544e-05	1.82162e-01	1.87691e-09	5.23150e+01	-2.87189e+02	4.35759e+02
4.34176e+02	1.71257e+03	3.12809e+02	4.97324e-05	1.82655e-01	1.90549e-09	5.16607e+01	-2.82832e+02	4.34176e+02
4.32586e+02	1.73715e+03	3.22963e+02	5.13469e-05	1.85915e-01	1.93285e-09	5.17785e+01	-2.78506e+02	4.32586e+02
4.30991e+02	1.76236e+03	3.32929e+02	5.29312e-05	1.88911e-01	1.96090e-09	5.18039e+01	-2.74224e+02	4.30991e+02
4.29318e+02	1.79000e+03	3.43511e+02	5.46136e-05	1.91906e-01	1.99164e-09	5.17558e+01	-2.69694e+02	4.29318e+02
4.27401e+02	1.82207e+03	3.54775e+02	5.64045e-05	1.94710e-01	2.02732e-09	5.15341e+01	-2.64670e+02	4.27401e+02
4.25569e+02	1.85655e+03	3.59109e+02	5.70936e-05	1.93428e-01	2.06570e-09	5.02677e+01	-2.59878e+02	4.25569e+02
4.23845e+02	1.88844e+03	3.66022e+02	5.81925e-05	1.93822e-01	2.10118e-09	4.95123e+01	-2.55452e+02	4.23845e+02
4.22141e+02	1.91835e+03	3.80036e+02	6.04207e-05	1.98106e-01	2.13445e-09	4.97372e+01	-2.51064e+02	4.22141e+02
4.20398e+02	1.94913e+03	3.95911e+02	6.29445e-05	2.03121e-01	2.16871e-09	5.00940e+01	-2.46621e+02	4.20398e+02
4.18688e+02	1.97783e+03	4.09534e+02	6.51105e-05	2.07062e-01	2.20064e-09	5.02468e+01	-2.42665e+02	4.18688e+02
4.16645e+02	2.02065e+03	4.18463e+02	6.65300e-05	2.07093e-01	2.24828e-09	4.91890e+01	-2.37521e+02	4.16645e+02
4.14744e+02	2.05713e+03	4.35282e+02	6.92040e-05	2.11597e-01	2.28887e-09	4.92784e+01	-2.32888e+02	4.14744e+02
4.12819e+02	2.09207e+03	4.60183e+02	7.31629e-05	2.19965e-01	2.32775e-09	5.01979e+01	-2.28209e+02	4.12819e+02
4.10938e+02	2.12839e+03	4.82383e+02	7.66924e-05	2.26642e-01	2.36816e-09	5.06950e+01	-2.23679e+02	4.10938e+02
4.09061e+02	2.16686e+03	5.02924e+02	7.99582e-05	2.32099e-01	2.41096e-09	5.08727e+01	-2.19186e+02	4.09061e+02
4.07124e+02	2.21363e+03	5.11347e+02	8.12973e-05	2.31000e-01	2.46300e-09	4.95861e+01	-2.14659e+02	4.07124e+02
4.04979e+02	2.26161e+03	5.33519e+02	8.48224e-05	2.35902e-01	2.51639e-09	4.94565e+01	-2.09648e+02	4.04979e+02
4.03039e+02	2.30579e+03	5.52753e+02	8.78803e-05	2.39724e-01	2.56555e-09	4.92100e+01	-2.05278e+02	4.03039e+02
4.01158e+02	2.34608e+03	5.80042e+02	9.22189e-05	2.47239e-01	2.61037e-09	4.97091e+01	-2.01057e+02	4.01158e+02
3.99292e+02	2.39045e+03	6.00845e+02	9.55263e-05	2.51352e-01	2.65974e-09	4.95026e+01	-1.96945e+02	3.99292e+02
3.97600e+02	2.42865e+03	6.24557e+02	9.92962e-05	2.57162e-01	2.70224e-09	4.97120e+01	-1.93310e+02	3.97600e+02
3.95931e+02	2.46714e+03	6.48893e+02	1.03165e-04	2.63015e-01	2.74506e-09	4.99077e+01	-1.89752e+02	3.95931e+02
3.94234e+02	2.50151e+03	6.84192e+02	1.08777e-04	2.73511e-01	2.78331e-09	5.09179e+01	-1.86164e+02	3.94234e+02
3.92541e+02	2.54210e+03	7.11418e+02	1.13106e-04	2.79855e-01	2.82847e-09	5.11002e+01	-1.82596e+02	3.92541e+02
3.90857e+02	2.58936e+03	7.29479e+02	1.15977e-04	2.81721e-01	2.88106e-09	5.04530e+01	-1.79089e+02	3.90857e+02
3.89050e+02	2.63584e+03	7.57231e+02	1.20390e-04	2.87283e-01	2.93277e-09	5.03943e+01	-1.75417e+02	3.89050e+02
3.87281e+02	2.67307e+03	7.99503e+02	1.27110e-04	2.99095e-01	2.97420e-09	5.14066e+01	-1.71873e+02	3.87281e+02
3.85606e+02	2.71438e+03	8.32102e+02	1.32293e-04	3.06554e-01	3.02016e-09	5.16723e+01	-1.68559e+02	3.85606e+02
3.83796e+02	2.75990e+03	8.68557e+02	1.38089e-04	3.14707e-01	3.07080e-09	5.19313e+01	-1.65015e+02	3.83796e+02
3.81863e+02	2.81146e+03	9.04811e+02	1.43853e-04	3.21829e-01	3.12818e-09	5.19183e+01	-1.61323e+02	3.81863e+02
3.80123e+02	2.86107e+03	9.49250e+02	1.50918e-04	3.31781e-01	3.18338e-09	5.22876e+01	-1.57597e+02	3.80123e+02
3.78294e+02	2.92251e+03	9.71091e+02	1.54390e-04	3.32279e-01	3.25174e-09	5.12500e+01	-1.54238e+02	3.78294e+02
3.76529e+02	2.96100e+03	1.02218e+03	1.62513e-04	3.45213e-01	3.29457e-09	5.21412e+01	-1.51041e+02	3.76529e+02
3.74604e+02	3.01206e+03	1.06798e+03	1.69795e-04	3.54568e-01	3.35137e-09	5.23403e+01	-1.47617e+02	3.74604e+02
3.72658e+02	3.06569e+03	1.11338e+03	1.77012e-04	3.63173e-01	3.41104e-09	5.23853e+01	-1.44243e+02	3.72658e+02
3.70641e+02	3.12644e+03	1.15700e+03	1.83947e-04	3.70069e-01	3.47864e-09	5.21099e+01	-1.40811e+02	3.70641e+02
3.68724e+02	3.16893e+03	1.21878e+03	1.93770e-04	3.84603e-01	3.52592e-09	5.29197e+01	-1.37596e+02	3.68724e+02
3.66124e+02	3.24614e+03	1.28305e+03	2.03988e-04	3.95255e-01	3.61183e-09	5.27105e+01	-1.33358e+02	3.66124e+02
3.63835e+02	3.30395e+03	1.35183e+03	2.14922e-04	4.09154e-01	3.67615e-09	5.30958e+01	-1.29770e+02	3.63835e+02
3.61424e+02	3.38739e+03	1.40817e+03	2.23880e-04	4.15710e-01	3.76898e-09	5.23752e+01	-1.25990e+02	3.61424e+02
3.59121e+02	3.44499e+03	1.48474e+03	2.36054e-04	4.30985e-01	3.83308e-09	5.28094e+01	-1.22532e+02	3.59121e+02
3.56747e+02	3.49865e+03	1.57042e+03	2.49676e-04	4.48864e-01	3.89278e-09	5.34475e+01	-1.19073e+02	3.56747e+02
3.54219e+02	3.56067e+03	1.65973e+03	2.63874e-04	4.66128e-01	3.96178e-09	5.38288e+01	-1.15481e+02	3.54219e+02
3.51727e+02	3.62754e+03	1.74462e+03	2.77371e-04	4.80936e-01	4.03619e-09	5.38940e+01	-1.12061e+02	3.51727e+02
3.49212e+02	3.69320e+03	1.83226e+03	2.91305e-04	4.96118e-01	4.10925e-09	5.39569e+01	-1.08758e+02	3.49212e+02
3.46716e+02	3.75418e+03	1.92734e+03	3.06420e-04	5.13383e-01	4.17710e-09	5.41701e+01	-1.05516e+02	3.46716e+02
3.44203e+02	3.87334e+03	1.98330e+03	3.15318e-04	5.12038e-01	4.30968e-09	5.24232e+01	-1.02381e+02	3.44203e+02
3.41619e+02	3.90511e+03	2.10490e+03	3.34651e-04	5.39012e-01	4.34503e-09	5.35335e+01	-9.93178e+01	3.41619e+02
3.39188e+02	3.87949e+03	2.25007e+03	3.57730e-04	5.79991e-01	4.31652e-09	5.59943e+01	-9.65434e+01	3.39188e+02
3.36764e+02	4.10361e+03	2.24686e+03	3.57221e-04	5.47533e-01	4.56589e-09	5.13807e+01	-9.38403e+01	3.36764e+02
3.34379e+02	3.95797e+03	2.45518e+03	3.90341e-04	6.20313e-01	4.40384e-09	5.66481e+01	-9.13217e+01	3.34379e+02
3.32002e+02	4.43276e+03	2.30802e+03	3.66944e-04	5.20672e-01	4.93212e-09	4.62530e+01	-8.88333e+01	3.32002e+02
3.29579e+02	3.53392e+03	2.81673e+03	4.47822e-04	7.97055e-01	3.93202e-09	6.90342e+01	-8.66116e+01	3.29579e+02
3.27219e+02	3.39712e+03	2.93282e+03	4.66280e-04	8.63326e-01	3.77981e-09	7.28811e+01	-8.44190e+01	3.27219e+02
3.24677e+02	3.07142e+03	3.04446e+03	4.84029e-04	9.91224e-01	3.41742e-09	8.14787e+01	-8.22000e+01	3.24677e+02
3.22364e+02	3.29757e+03	3.11877e+03	4.95843e-04	9.45779e-01	3.66905e-09	7.57759e+01	-8.01201e+01	3.22364e+02
3.19982e+02	6.23830e+03	1.11306e+03	1.76961e-04	1.78423e-01	6.94105e-09	1.38741e+01	-7.77595e+01	3.19982e+02
3.17557e+02	6.38864e+03	1.16710e+03	1.85552e-04	1.82683e-01	7.10834e-09	1.38504e+01	-7.58165e+01	3.17557e+02
3.15042e+02	5.37797e+03	2.73405e+03	4.34678e-04	5.08380e-01	5.98380e-09	3.75980e+01	-7.39564e+01	3.15042e+02
3.12547e+02	5.34294e+03	2.91956e+03	4.64170e-04	5.46433e-01	5.94483e-09	3.94198e+01	-7.21403e+01	3.12547e+02
3.09892e+02	5.84652e+03	2.73399e+03	4.34668e-04	4.67627e-01	6.50514e-09	3.28506e+01	-7.02497e+01	3.09892e+02
3.07292e+02	2.51888e+03	3.45268e+03	5.48930e-04	1.37072e+00	2.80264e-09	9.46124e+01	-6.90239e+01	3.07292e+02
3.04669e+02	5.88454e+03	3.06901e+03	4.87931e-04	5.21537e-01	6.54745e-09	3.48751e+01	-6.68697e+01	3.04669e+02
3.02025e+02	5.80454e+03	3.28410e+03	5.22127e-04	5.65781e-01	6.45843e-09	3.69573e+01	-6.53209e+01	3.02025e+02
2.99222e+02	5.84869e+03	3.42238e+03	5.44113e-04	5.85154e-01	6.50756e-09	3.73042e+01	-6.37511e+01	2.99222e+02
2.96392e+02	5.17860e+03	3.84243e+03	6.10894e-04	7.41982e-01	5.76197e-09	4.62518e+01	-6.23355e+01	2.96392e+02
2.93773e+02	5.57989e+03	3.82192e+03	6.07634e-04	6.84946e-01	6.20848e-09	4.18209e+01	-6.10573e+01	2.93773e+02
2.91130e+02	5.63903e+03	3.88646e+03	6.17895e-04	6.89208e-01	6.27427e-09	4.14745e+01	-6.01771e+01	2.91130e+02
2.88514e+02	4.87748e+03	4.17161e+03	6.63230e-04	8.55279e-01	5.42694e-09	5.06896e+01	-5.92667e+01	2.88514e+02
2.85934e+02	4.14937e+03	4.26935e+03	6.78769e-04	1.02891e+00	4.61680e-09	6.02894e+01	-5.85952e+01	2.85934e+02
2.83092e+02	4.25852e+03	4.30835e+03	6.84969e-04	1.01170e+00	4.73825e-09	5.87641e+01	-5.80844e+01	2.83092e+02
2.80474e+02	5.33667e+03	4.20113e+03	6.67923e-04	7.87218e-01	5.93786e-09	4.55844e+01	-5.79057e+01	2.80474e+02
2.77867e+02	4.94722e+03	4.24743e+03	6.75285e-04	8.58550e-01	5.50453e-09	5.00043e+01	-5.82427e+01	2.77867e+02
2.75237e+02	5.09411e+03	4.15712e+03	6.60926e-04	8.16065e-01	5.66797e-09	4.81306e+01	-5.89789e+01	2.75237e+02
2.72683e+02	5.04552e+03	4.06629e+03	6.46486e-04	8.05921e-01	5.61391e-09	4.84687e+01	-6.01408e+01	2.72683e+02
2.70031e+02	6.82138e+03	2.96348e+03	4.71153e-04	4.34440e-01	7.58982e-09	2.68164e+01	-6.17264e+01	2.70031e+02
2.67411e+02	6.94948e+03	2.49350e+03	3.96433e-04	3.58803e-01	7.73235e-09	2.28950e+01	-6.38092e+01	2.67411e+02
2.64657e+02	6.83099e+03	2.18718e+03	3.47733e-04	3.20185e-01	7.60051e-09	2.12795e+01	-6.64600e+01	2.64657e+02
2.61972e+02	6.68512e+03	1.86550e+03	2.96589e-04	2.79052e-01	7.43821e-09	1.93838e+01	-6.94631e+01	2.61972e+02
2.59191e+02	6.42295e+03	1.66639e+03	2.64934e-04	2.59444e-01	7.14650e-09	1.89429e+01	-7.30137e+01	2.59191e+02
2.56603e+02	6.13389e+03	1.55351e+03	2.46986e-04	2.53266e-01	6.82488e-09	1.94209e+01	-7.66820e+01	2.56603e+02
2.53919e+02	5.87944e+03	1.35553e+03	2.15512e-04	2.30555e-01	6.54177e-09	1.86370e+01	-8.08353e+01	2.53919e+02
2.51245e+02	5.60335e+03	1.21105e+03	1.92541e-04	2.16130e-01	6.23458e-09	1.84446e+01	-8.53404e+01	2.51245e+02
2.48639e+02	5.33038e+03	1.10818e+03	1.76185e-04	2.07898e-01	5.93086e-09	1.87131e+01	-9.00108e+01	2.48639e+02
2.46027e+02	5.05976e+03	1.03700e+03	1.64868e-04	2.04949e-01	5.62975e-09	1.94570e+01	-9.49358e+01	2.46027e+02
2.43383e+02	4.79481e+03	9.82121e+02	1.56144e-04	2.04830e-01	5.33495e-09	2.05212e+01	-1.00187e+02	2.43383e+02
2.40782e+02	4.55328e+03	9.25579e+02	1.47155e-04	2.03277e-01	5.06622e-09	2.14590e+01	-1.05565e+02	2.40782e+02
2.38279e+02	4.33859e+03	8.62115e+02	1.37065e-04	1.98709e-01	4.82734e-09	2.20536e+01	-1.10985e+02	2.38279e+02
2.35698e+02	4.13626e+03	7.93069e+02	1.26087e-04	1.91736e-01	4.60222e-09	2.23792e+01	-1.16719e+02	2.35698e+02
2.33198e+02	3.94792e+03	7.31081e+02	1.16232e-04	1.85181e-01	4.39266e-09	2.26995e+01	-1.22580e+02	2.33198e+02
2.30629e+02	3.76216e+03	6.75665e+02	1.07422e-04	1.79595e-01	4.18597e-09	2.31473e+01	-1.28886e+02	2.30629e+02
2.28040e+02	3.58601e+03	6.22283e+02	9.89346e-05	1.73531e-01	3.98998e-09	2.35131e+01	-1.35498e+02	2.28040e+02
2.25659e+02	3.43382e+03	5.74959e+02	9.14107e-05	1.67440e-01	3.82064e-09	2.37413e+01	-1.41790e+02	2.25659e+02
2.23205e+02	3.28325e+03	5.31815e+02	8.45515e-05	1.61978e-01	3.65312e-09	2.40621e+01	-1.48552e+02	2.23205e+02
2.20775e+02	3.14377e+03	4.95267e+02	7.87408e-05	1.57539e-01	3.49792e-09	2.44748e+01	-1.55357e+02	2.20775e+02
2.18259e+02	3.00687e+03	4.61777e+02	7.34163e-05	1.53574e-01	3.34559e-09	2.49752e+01	-1.62627e+02	2.18259e+02
2.15832e+02	2.87321e+03	4.32001e+02	6.86824e-05	1.50355e-01	3.19689e-09	2.56136e+01	-1.70354e+02	2.15832e+02
2.13304e+02	2.74555e+03	4.06023e+02	6.45522e-05	1.47884e-01	3.05484e-09	2.63832e+01	-1.78404e+02	2.13304e+02
2.10697e+02	2.62117e+03	3.81321e+02	6.06250e-05	1.45477e-01	2.91645e-09	2.72041e+01	-1.86999e+02	2.10697e+02
2.08171e+02	2.50657e+03	3.58971e+02	5.70715e-05	1.43212e-01	2.78894e-09	2.80227e+01	-1.95673e+02	2.08171e+02
2.05675e+02	2.39878e+03	3.38243e+02	5.37761e-05	1.41006e-01	2.66901e-09	2.88488e+01	-2.04592e+02	2.05675e+02
2.03137e+02	2.29473e+03	3.18908e+02	5.07020e-05	1.38974e-01	2.55324e-09	2.97388e+01	-2.13988e+02	2.03137e+02
2.00739e+02	2.20129e+03	3.01363e+02	4.79127e-05	1.36903e-01	2.44927e-09	3.05564e+01	-2.23197e+02	2.00739e+02
1.98426e+02	2.11469e+03	2.85052e+02	4.53195e-05	1.34796e-01	2.35291e-09	3.13358e+01	-2.32468e+02	1.98426e+02
1.96051e+02	2.03042e+03	2.69733e+02	4.28839e-05	1.32846e-01	2.25915e-09	3.21805e+01	-2.42240e+02	1.96051e+02
1.93572e+02	1.94701e+03	2.54844e+02	4.05168e-05	1.30890e-01	2.16635e-09	3.30817e+01	-2.52745e+02	1.93572e+02
1.91196e+02	1.87058e+03	2.41430e+02	3.83841e-05	1.29067e-01	2.08131e-09	3.39697e+01	-2.63195e+02	1.91196e+02
1.88804e+02	1.79732e+03	2.28499e+02	3.63283e-05	1.27133e-01	1.99980e-09	3.48416e+01	-2.74056e+02	1.88804e+02
1.86437e+02	1.72820e+03	2.16455e+02	3.44134e-05	1.25249e-01	1.92288e-09	3.57150e+01	-2.85152e+02	1.86437e+02
1.84034e+02	1.66078e+03	2.05164e+02	3.26183e-05	1.23535e-01	1.84787e-09	3.66717e+01	-2.96853e+02	1.84034e+02
1.81487e+02	1.58895e+03	2.00410e+02	3.18626e-05	1.26128e-01	1.76795e-09	3.91088e+01	-3.10074e+02	1.81487e+02
1.79078e+02	1.52755e+03	1.89785e+02	3.01732e-05	1.24241e-01	1.69963e-09	4.00910e+01	-3.22687e+02	1.79078e+02
1.76720e+02	1.47021e+03	1.80007e+02	2.86187e-05	1.22436e-01	1.63583e-09	4.10673e+01	-3.35419e+02	1.76720e+02
1.74322e+02	1.41462e+03	1.70625e+02	2.71271e-05	1.20615e-01	1.57398e-09	4.20647e+01	-3.48752e+02	1.74322e+02
1.71885e+02	1.35967e+03	1.61539e+02	2.56825e-05	1.18807e-01	1.51284e-09	4.31271e+01	-3.63001e+02	1.71885e+02
1.69506e+02	1.30896e+03	1.53179e+02	2.43535e-05	1.17024e-01	1.45642e-09	4.41438e+01	-3.77221e+02	1.69506e+02
1.67110e+02	1.26010e+03	1.45270e+02	2.30960e-05	1.15285e-01	1.40205e-09	4.51922e+01	-3.92004e+02	1.67110e+02
1.64736e+02	1.21366e+03	1.37843e+02	2.19152e-05	1.13577e-01	1.35038e-09	4.62441e+01	-4.07162e+02	1.64736e+02
1.62303e+02	1.16741e+03	1.30576e+02	2.07598e-05	1.11851e-01	1.29892e-09	4.73635e+01	-4.23454e+02	1.62303e+02
1.59877e+02	1.12414e+03	1.23847e+02	1.96900e-05	1.10170e-01	1.25078e-09	4.84654e+01	-4.39915e+02	1.59877e+02
1.57460e+02	1.08245e+03	1.17681e+02	1.87097e-05	1.08717e-01	1.20440e-09	4.96837e+01	-4.57001e+02	1.57460e+02
1.54937e+02	1.04137e+03	1.11534e+02	1.77324e-05	1.07103e-01	1.15868e-09	5.08949e+01	-4.75194e+02	1.54937e+02
1.52480e+02	1.00287e+03	1.05836e+02	1.68264e-05	1.05532e-01	1.11585e-09	5.20905e+01	-4.93598e+02	1.52480e+02
1.51577e+02	9.88164e+02	1.03544e+02	1.64620e-05	1.04784e-01	1.09948e-09	5.24992e+01	-5.01024e+02	1.51577e+02
1.53666e+02	1.01786e+03	1.07694e+02	1.71220e-05	1.05804e-01	1.13253e-09	5.14528e+01	-4.86301e+02	1.53666e+02
1.56054e+02	1.05381e+03	1.12966e+02	1.79600e-05	1.07197e-01	1.17253e-09	5.03370e+01	-4.69574e+02	1.56054e+02
1.58536e+02	1.09354e+03	1.19031e+02	1.89243e-05	1.08849e-01	1.21673e-09	4.92381e+01	-4.52354e+02	1.58536e+02
1.60912e+02	1.13384e+03	1.25263e+02	1.99151e-05	1.10476e-01	1.26157e-09	4.81812e+01	-4.36122e+02	1.60912e+02
1.63307e+02	1.17663e+03	1.31992e+02	2.09849e-05	1.12177e-01	1.30918e-09	4.71261e+01	-4.20104e+02	1.63307e+02
1.65688e+02	1.22151e+03	1.39055e+02	2.21080e-05	1.13839e-01	1.35912e-09	4.60500e+01	-4.04520e+02	1.65688e+02
1.68082e+02	1.26851e+03	1.46611e+02	2.33091e-05	1.15577e-01	1.41141e-09	4.50036e+01	-3.89380e+02	1.68082e+02
1.70447e+02	1.31700e+03	1.54478e+02	2.45599e-05	1.17295e-01	1.46536e-09	4.39734e+01	-3.74895e+02	1.70447e+02
1.72800e+02	1.36787e+03	1.62823e+02	2.58866e-05	1.19034e-01	1.52196e-09	4.29480e+01	-3.60806e+02	1.72800e+02
1.75137e+02	1.42145e+03	1.71761e+02	2.73076e-05	1.20835e-01	1.58158e-09	4.19369e+01	-3.47059e+02	1.75137e+02
1.77510e+02	1.47746e+03	1.80977e+02	2.87729e-05	1.22492e-01	1.64390e-09	4.08841e+01	-3.33770e+02	1.77510e+02
1.79897e+02	1.53646e+03	1.90933e+02	3.03558e-05	1.24268e-01	1.70955e-09	3.98670e+01	-3.20814e+02	1.79897e+02
1.82297e+02	1.59869e+03	2.01560e+02	3.20454e-05	1.26079e-01	1.77878e-09	3.88562e+01	-3.08189e+02	1.82297e+02
1.84688e+02	1.66300e+03	2.12703e+02	3.38170e-05	1.27903e-01	1.85034e-09	3.78765e+01	-2.96134e+02	1.84688e+02
1.87032e+02	1.72910e+03	2.24234e+02	3.56502e-05	1.29683e-01	1.92388e-09	3.69189e+01	-2.84687e+02	1.87032e+02
1.89400e+02	1.79890e+03	2.36502e+02	3.76006e-05	1.31471e-01	2.00154e-09	3.59592e+01	-2.73515e+02	1.89400e+02
1.91765e+02	1.87227e+03	2.49626e+02	3.96872e-05	1.33328e-01	2.08318e-09	3.50213e+01	-2.62670e+02	1.91765e+02
1.94132e+02	1.94893e+03	2.63631e+02	4.19138e-05	1.35270e-01	2.16848e-09	3.41162e+01	-2.52208e+02	1.94132e+02
1.96495e+02	2.02966e+03	2.78517e+02	4.42804e-05	1.37224e-01	2.25830e-09	3.32150e+01	-2.42050e+02	1.96495e+02
1.98852e+02	2.11388e+03	2.94480e+02	4.68184e-05	1.39308e-01	2.35201e-09	3.23578e+01	-2.32275e+02	1.98852e+02
2.01139e+02	2.19938e+03	3.11058e+02	4.94540e-05	1.41430e-01	2.44714e-09	3.15551e+01	-2.23115e+02	2.01139e+02
2.03632e+02	2.29806e+03	3.30513e+02	5.25471e-05	1.43822e-01	2.55694e-09	3.06904e+01	-2.13391e+02	2.03632e+02
2.06140e+02	2.40154e+03	3.51412e+02	5.58698e-05	1.46327e-01	2.67208e-09	2.98582e+01	-2.04051e+02	2.06140e+02
2.08632e+02	2.51080e+03	3.74247e+02	5.95003e-05	1.49055e-01	2.79365e-09	2.90683e+01	-1.95018e+02	2.08632e+02
2.11137e+02	2.62576e+03	3.99133e+02	6.34567e-05	1.52006e-01	2.92156e-09	2.83214e+01	-1.86317e+02	2.11137e+02
2.13653e+02	2.74689e+03	4.27784e+02	6.80120e-05	1.55734e-01	3.05633e-09	2.77054e+01	-1.77902e+02	2.13653e+02
2.16148e+02	2.87183e+03	4.57829e+02	7.27887e-05	1.59420e-01	3.19535e-09	2.70966e+01	-1.69969e+02	2.16148e+02
2.18551e+02	3.00655e+03	4.93434e+02	7.84495e-05	1.64120e-01	3.34525e-09	2.66059e+01	-1.62113e+02	2.18551e+02
2.20975e+02	3.13941e+03	5.31504e+02	8.45019e-05	1.69301e-01	3.49307e-09	2.62402e+01	-1.54992e+02	2.20975e+02
2.23376e+02	3.27698e+03	5.73442e+02	9.11695e-05	1.74991e-01	3.64614e-09	2.59342e+01	-1.48203e+02	2.23376e+02
2.25794e+02	3.42553e+03	6.19965e+02	9.85661e-05	1.80984e-01	3.81142e-09	2.56061e+01	-1.41483e+02	2.25794e+02
2.28292e+02	3.58993e+03	6.70443e+02	1.06592e-04	1.86757e-01	3.99434e-09	2.51612e+01	-1.34727e+02	2.28292e+02
2.30785e+02	3.76044e+03	7.27337e+02	1.15637e-04	1.93418e-01	4.18406e-09	2.48164e+01	-1.28304e+02	2.30785e+02
2.33345e+02	3.94511e+03	7.94049e+02	1.26243e-04	2.01274e-01	4.38953e-09	2.45421e+01	-1.21934e+02	2.33345e+02
2.35911e+02	4.13497e+03	8.69673e+02	1.38266e-04	2.10322e-01	4.60078e-09	2.43805e+01	-1.15920e+02	2.35911e+02
2.38404e+02	4.32658e+03	9.58145e+02	1.52332e-04	2.21455e-01	4.81398e-09	2.44218e+01	-1.10279e+02	2.38404e+02
2.40996e+02	4.52519e+03	1.08222e+03	1.72059e-04	2.39155e-01	5.03496e-09	2.50217e+01	-1.04625e+02	2.40996e+02
2.43715e+02	4.73777e+03	1.22709e+03	1.95090e-04	2.59000e-01	5.27149e-09	2.56424e+01	-9.90051e+01	2.43715e+02
2.46230e+02	4.92768e+03	1.39845e+03	2.22334e-04	2.83794e-01	5.48279e-09	2.66778e+01	-9.40040e+01	2.46230e+02
2.48810e+02	5.09879e+03	1.61917e+03	2.57426e-04	3.17560e-01	5.67318e-09	2.83180e+01	-8.91737e+01	2.48810e+02
2.51390e+02	5.26186e+03	1.85742e+03	2.95305e-04	3.52998e-01	5.85461e-09	2.98581e+01	-8.45843e+01	2.51390e+02
2.53980e+02	5.40378e+03	2.11357e+03	3.36030e-04	3.91129e-01	6.01252e-09	3.14217e+01	-8.03359e+01	2.53980e+02
2.56554e+02	5.48645e+03	2.41923e+03	3.84625e-04	4.40947e-01	6.10450e-09	3.36793e+01	-7.63794e+01	2.56554e+02
2.59173e+02	5.53931e+03	2.73035e+03	4.34088e-04	4.92904e-01	6.16332e-09	3.58328e+01	-7.26974e+01	2.59173e+02
2.61766e+02	5.55171e+03	3.03078e+03	4.81853e-04	5.45918e-01	6.17712e-09	3.79181e+01	-6.94575e+01	2.61766e+02
2.64319e+02	5.34050e+03	3.40578e+03	5.41474e-04	6.37728e-01	5.94211e-09	4.24896e+01	-6.66266e+01	2.64319e+02
2.67007e+02	4.84917e+03	3.78970e+03	6.02512e-04	7.81516e-01	5.39543e-09	5.00804e+01	-6.40810e+01	2.67007e+02
2.69731e+02	3.69167e+03	4.01761e+03	6.38746e-04	1.08829e+00	4.10754e-09	6.75498e+01	-6.20697e+01	2.69731e+02
2.72316e+02	4.74431e+03	4.10104e+03	6.52010e-04	8.64412e-01	5.27877e-09	5.21955e+01	-6.03826e+01	2.72316e+02
2.74912e+02	4.97710e+03	4.15828e+03	6.61111e-04	8.35482e-01	5.53778e-09	4.94817e+01	-5.92253e+01	2.74912e+02
2.77434e+02	4.03521e+03	4.26301e+03	6.77761e-04	1.05645e+00	4.48978e-09	6.19268e+01	-5.86177e+01	2.77434e+02
2.80046e+02	5.22044e+03	4.19608e+03	6.67121e-04	8.03779e-01	5.80854e-09	4.68180e+01	-5.82474e+01	2.80046e+02
2.82642e+02	5.10020e+03	4.20982e+03	6.69304e-04	8.25423e-01	5.67474e-09	4.81802e+01	-5.83703e+01	2.82642e+02
2.85232e+02	4.74861e+03	4.22381e+03	6.71529e-04	8.89483e-01	5.28355e-09	5.23434e+01	-5.88470e+01	2.85232e+02
2.87831e+02	4.69318e+03	4.16986e+03	6.62952e-04	8.88494e-01	5.22188e-09	5.29546e+01	-5.96005e+01	2.87831e+02
2.90563e+02	4.41857e+03	4.11746e+03	6.54621e-04	9.31855e-01	4.91632e-09	5.64986e+01	-6.06302e+01	2.90563e+02
2.93237e+02	4.86823e+03	3.97057e+03	6.31268e-04	8.15609e-01	5.41664e-09	5.03581e+01	-6.17430e+01	2.93237e+02
2.95881e+02	4.76204e+03	3.89089e+03	6.18599e-04	8.17063e-01	5.29849e-09	5.14994e+01	-6.30299e+01	2.95881e+02
2.98679e+02	5.77216e+03	3.39505e+03	5.39768e-04	5.88177e-01	6.42241e-09	3.78939e+01	-6.44260e+01	2.98679e+02
3.01302e+02	5.51483e+03	3.38887e+03	5.38784e-04	6.14500e-01	6.13609e-09	4.04849e+01	-6.58826e+01	3.01302e+02
3.04075e+02	5.41662e+03	3.28717e+03	5.22616e-04	6.06867e-01	6.02681e-09	4.09843e+01	-6.75342e+01	3.04075e+02
3.06712e+02	5.61894e+03	3.01455e+03	4.79272e-04	5.36497e-01	6.25192e-09	3.71095e+01	-6.91699e+01	3.06712e+02
3.09247e+02	4.39196e+03	3.41967e+03	5.43682e-04	7.78621e-01	4.88673e-09	5.52438e+01	-7.09509e+01	3.09247e+02
3.11702e+02	4.78636e+03	3.17593e+03	5.04931e-04	6.63538e-01	5.32555e-09	4.81773e+01	-7.26067e+01	3.11702e+02
3.14088e+02	4.87873e+03	3.00886e+03	4.78368e-04	6.16729e-01	5.42833e-09	4.58381e+01	-7.43245e+01	3.14088e+02
3.16593e+02	3.93403e+03	3.21084e+03	5.10480e-04	8.16171e-01	4.37720e-09	6.23251e+01	-7.63628e+01	3.16593e+02
3.18980e+02	4.39682e+03	2.96878e+03	4.71996e-04	6.75211e-01	4.89213e-09	5.27954e+01	-7.81910e+01	3.18980e+02
3.21349e+02	4.87960e+03	2.58390e+03	4.10806e-04	5.29531e-01	5.42930e-09	4.24219e+01	-8.01122e+01	3.21349e+02
3.23688e+02	4.77469e+03	2.50824e+03	3.98777e-04	5.25321e-01	5.31256e-09	4.31591e+01	-8.21574e+01	3.23688e+02
3.26077e+02	4.75289e+03	2.37274e+03	3.77235e-04	4.99221e-01	5.28832e-09	4.20848e+01	-8.43009e+01	3.26077e+02
3.28556e+02	3.85890e+03	2.71523e+03	4.31685e-04	7.03628e-01	4.29361e-09	6.10437e+01	-8.67557e+01	3.28556e+02
3.31112e+02	3.87132e+03	2.59270e+03	4.12204e-04	6.69719e-01	4.30743e-09	5.97775e+01	-8.92575e+01	3.31112e+02
3.33455e+02	4.05593e+03	2.38948e+03	3.79895e-04	5.89132e-01	4.51283e-09	5.39710e+01	-9.16109e+01	3.33455e+02
3.35877e+02	3.93970e+03	2.32711e+03	3.69979e-04	5.90683e-01	4.38351e-09	5.56339e+01	-9.41857e+01	3.35877e+02
3.38293e+02	3.58006e+03	2.38159e+03	3.78641e-04	6.65238e-01	3.98336e-09	6.44745e+01	-9.69194e+01	3.38293e+02
3.40716e+02	3.78746e+03	2.16368e+03	3.43996e-04	5.71275e-01	4.21412e-09	5.69203e+01	-9.96373e+01	3.40716e+02
3.43145e+02	4.12240e+03	1.77417e+03	2.82068e-04	4.30372e-01	4.58680e-09	4.40884e+01	-1.02443e+02	3.43145e+02
3.45653e+02	4.03133e+03	1.69201e+03	2.69007e-04	4.19716e-01	4.48547e-09	4.43067e+01	-1.05564e+02	3.45653e+02
3.48279e+02	3.90017e+03	1.64845e+03	2.62081e-04	4.22661e-01	4.33953e-09	4.60210e+01	-1.08884e+02	3.48279e+02
3.50758e+02	3.28261e+03	1.96338e+03	3.12151e-04	5.98116e-01	3.65240e-09	6.71705e+01	-1.12304e+02	3.50758e+02
3.53197e+02	3.01917e+03	1.98601e+03	3.15749e-04	6.57802e-01	3.35928e-09	7.61170e+01	-1.15714e+02	3.53197e+02
3.55715e+02	3.39355e+03	1.65651e+03	2.63362e-04	4.88134e-01	3.77584e-09	5.81429e+01	-1.19113e+02	3.55715e+02
3.58044e+02	3.45662e+03	1.47628e+03	2.34709e-04	4.27088e-01	3.84601e-09	5.23034e+01	-1.22465e+02	3.58044e+02
3.60637e+02	3.63806e+01	7.27907e+01	1.15727e-05	2.00081e+00	4.04790e-11	5.50192e+03	-2.74985e+03	3.60637e+02
3.62900e+02	3.53034e+01	1.41153e+00	2.24414e-07	3.99828e-02	3.92803e-11	5.65970e+02	-1.41553e+04	3.62900e+02
3.65154e+02	3.55923e+01	1.45827e+00	2.31846e-07	4.09715e-02	3.96019e-11	5.75210e+02	-1.40393e+04	3.65154e+02
3.67416e+02	3.58957e+01	1.53214e+00	2.43589e-07	4.26830e-02	3.99394e-11	5.94089e+02	-1.39186e+04	3.67416e+02
3.69234e+02	3.61815e+01	1.60709e+00	2.55505e-07	4.44174e-02	4.02574e-11	6.13253e+02	-1.38066e+04	3.69234e+02
3.70990e+02	3.63964e+01	1.65746e+00	2.63513e-07	4.55390e-02	4.04965e-11	6.24965e+02	-1.37237e+04	3.70990e+02
3.72847e+02	3.66866e+01	1.71762e+00	2.73079e-07	4.68188e-02	4.08194e-11	6.37370e+02	-1.36135e+04	3.72847e+02
3.74727e+02	3.70611e+01	1.80698e+00	2.87286e-07	4.87568e-02	4.12361e-11	6.56925e+02	-1.34735e+04	3.74727e+02
3.76929e+02	3.77765e+01	1.92760e+00	3.06462e-07	5.10264e-02	4.20321e-11	6.74332e+02	-1.32154e+04	3.76929e+02
3.78779e+02	3.79824e+01	2.02424e+00	3.21828e-07	5.32943e-02	4.22612e-11	7.00319e+02	-1.31406e+04	3.78779e+02
3.80615e+02	3.81410e+01	2.15527e+00	3.42659e-07	5.65079e-02	4.24377e-11	7.39200e+02	-1.30814e+04	3.80615e+02
3.82420e+02	3.82439e+01	2.18812e+00	3.47882e-07	5.72148e-02	4.25522e-11	7.46374e+02	-1.30451e+04	3.82420e+02
3.84249e+02	3.83857e+01	2.29431e+00	3.64764e-07	5.97697e-02	4.27100e-11	7.76591e+02	-1.29930e+04	3.84249e+02
3.86020e+02	3.84917e+01	2.36159e+00	3.75461e-07	6.13533e-02	4.28279e-11	7.94820e+02	-1.29548e+04	3.86020e+02
3.87876e+02	3.86216e+01	2.46021e+00	3.91140e-07	6.37003e-02	4.29723e-11	8.22210e+02	-1.29075e+04	3.87876e+02
3.89649e+02	3.87594e+01	2.55822e+00	4.06723e-07	6.60027e-02	4.31257e-11	8.48646e+02	-1.28577e+04	3.89649e+02
3.91462e+02	3.89195e+01	2.65673e+00	4.22384e-07	6.82621e-02	4.33039e-11	8.73822e+02	-1.28010e+04	3.91462e+02
3.93289e+02	3.91246e+01	2.76337e+00	4.39339e-07	7.06300e-02	4.35321e-11	8.99098e+02	-1.27297e+04	3.93289e+02
3.95122e+02	3.93409e+01	2.87802e+00	4.57566e-07	7.31557e-02	4.37728e-11	9.25796e+02	-1.26551e+04	3.95122e+02
3.97082e+02	3.96227e+01	3.01025e+00	4.78589e-07	7.59729e-02	4.40862e-11	9.54213e+02	-1.25599e+04	3.97082e+02
3.98841e+02	3.98610e+01	3.14899e+00	5.00647e-07	7.89992e-02	4.43515e-11	9.85829e+02	-1.24790e+04	3.98841e+02
3.96722e+02	3.96689e+01	2.95309e+00	4.69501e-07	7.44433e-02	4.41377e-11	9.34124e+02	-1.25481e+04	3.96722e+02
3.93049e+02	3.93771e+01	2.74168e+00	4.35890e-07	6.96262e-02	4.38129e-11	8.80763e+02	-1.26499e+04	3.93049e+02
3.89511e+02	3.91166e+01	2.54579e+00	4.04746e-07	6.50822e-02	4.35231e-11	8.29269e+02	-1.27419e+04	3.89511e+02
3.85846e+02	3.88636e+01	2.36855e+00	3.76567e-07	6.09451e-02	4.32417e-11	7.82015e+02	-1.28315e+04	3.85846e+02
3.82099e+02	3.86463e+01	2.21381e+00	3.51966e-07	5.72839e-02	4.29999e-11	7.39489e+02	-1.29092e+04	3.82099e+02
3.78448e+02	3.84343e+01	2.07920e+00	3.30564e-07	5.40974e-02	4.27640e-11	7.02453e+02	-1.29850e+04	3.78448e+02
3.74806e+02	3.82417e+01	1.96134e+00	3.11827e-07	5.12881e-02	4.25496e-11	6.69528e+02	-1.30543e+04	3.74806e+02
3.71179e+02	3.80324e+01	1.83498e+00	2.91738e-07	4.82478e-02	4.23168e-11	6.33496e+02	-1.31300e+04	3.71179e+02
3.66468e+02	3.77832e+01	1.71045e+00	2.71939e-07	4.52702e-02	4.20396e-11	5.98486e+02	-1.32203e+04	3.66468e+02
3.61816e+02	3.72219e+01	1.58150e+00	2.51438e-07	4.24885e-02	4.14150e-11	5.70321e+02	-1.34229e+04	3.61816e+02
3.57165e+02	3.68316e+01	1.46315e+00	2.32621e-07	3.97254e-02	4.09807e-11	5.39005e+02	-1.35683e+04	3.57165e+02
3.53193e+02	3.57300e+01	1.32725e+00	2.11015e-07	3.71467e-02	3.97551e-11	5.19658e+02	-1.39894e+04	3.53193e+02
3.49248e+02	3.52643e+01	1.23469e+00	1.96299e-07	3.50125e-02	3.92369e-11	4.96347e+02	-1.41763e+04	3.49248e+02
3.45324e+02	3.50020e+01	1.18231e+00	1.87971e-07	3.37783e-02	3.89450e-11	4.82480e+02	-1.42837e+04	3.45324e+02
3.41386e+02	3.47426e+01	1.14348e+00	1.81798e-07	3.29130e-02	3.86564e-11	4.73658e+02	-1.43912e+04	3.41386e+02
3.37423e+02	3.45457e+01	9.63817e-01	1.53234e-07	2.78998e-02	3.84373e-11	4.03923e+02	-1.44777e+04	3.37423e+02
3.33480e+02	3.43707e+01	8.91723e-01	1.41772e-07	2.59443e-02	3.82426e-11	3.77565e+02	-1.45529e+04	3.33480e+02
3.29807e+02	3.38218e+01	8.86674e-01	1.40969e-07	2.62161e-02	3.76318e-11	3.87706e+02	-1.47889e+04	3.29807e+02
3.26010e+02	3.34176e+01	8.08692e-01	1.28571e-07	2.41996e-02	3.71821e-11	3.62251e+02	-1.49693e+04	3.26010e+02
3.22032e+02	3.31314e+01	7.63646e-01	1.21409e-07	2.30490e-02	3.68638e-11	3.48025e+02	-1.50994e+04	3.22032e+02
3.18003e+02	3.29614e+01	7.27290e-01	1.15629e-07	2.20649e-02	3.66745e-11	3.34900e+02	-1.51779e+04	3.18003e+02
3.14033e+02	3.27278e+01	6.62275e-01	1.05293e-07	2.02359e-02	3.64146e-11	3.09355e+02	-1.52875e+04	3.14033e+02
3.09980e+02	3.24929e+01	6.08148e-01	9.66873e-08	1.87163e-02	3.61533e-11	2.88211e+02	-1.53989e+04	3.09980e+02
3.05965e+02	3.23061e+01	5.64598e-01	8.97635e-08	1.74765e-02	3.59455e-11	2.70686e+02	-1.54886e+04	3.05965e+02