PMN (111) big, 24.5.2019, 13:49
Diameter[mm] 6.200e+00  Thickness[mm] 4.000e-01  Spacer Capacity[pF] 0.000e+00  Spacer Area[mm^2] 0.000e+00
Fixed value(s) :  Freq. [Hz]=2.861e+05  AC Volt  [Vrms]=1.000e+00
 Temp. [K]	 Eps'    	 Eps''   	  Cp' [F]	 Sig' [S/cm]	Tan(Delta)  	M Time M[s]	M Temp [K]
2.96921e+02	1.97100e+04	5.74257e+02	1.31720e-08	9.14023e-05	2.91353e-02	1.00392e+01	2.96921e+02
2.98335e+02	1.91724e+04	5.18536e+02	1.28127e-08	8.25334e-05	2.70459e-02	2.37855e+02	2.98335e+02
2.96982e+02	1.97768e+04	5.76777e+02	1.32166e-08	9.18034e-05	2.91643e-02	4.65663e+02	2.96982e+02
2.89373e+02	2.23509e+04	1.23787e+03	1.49368e-08	1.97027e-04	5.53834e-02	6.90479e+02	2.89373e+02
2.80880e+02	2.33008e+04	2.84926e+03	1.55716e-08	4.53506e-04	1.22282e-01	8.45551e+02	2.80880e+02
2.74860e+02	2.17933e+04	3.75921e+03	1.45642e-08	5.98339e-04	1.72493e-01	9.58602e+02	2.74860e+02
2.68975e+02	1.91170e+04	3.82680e+03	1.27756e-08	6.09098e-04	2.00178e-01	1.07308e+03	2.68975e+02
2.63301e+02	1.62831e+04	3.34922e+03	1.08817e-08	5.33083e-04	2.05688e-01	1.18667e+03	2.63301e+02
2.57905e+02	1.38247e+04	2.75569e+03	9.23883e-09	4.38613e-04	1.99332e-01	1.30409e+03	2.57905e+02
2.53395e+02	1.20308e+04	2.28733e+03	8.04000e-09	3.64065e-04	1.90123e-01	1.42167e+03	2.53395e+02
2.49414e+02	1.06600e+04	1.93206e+03	7.12390e-09	3.07518e-04	1.81245e-01	1.53454e+03	2.49414e+02
2.45538e+02	9.51024e+03	1.64656e+03	6.35556e-09	2.62076e-04	1.73135e-01	1.64895e+03	2.45538e+02
2.42020e+02	8.65595e+03	1.44491e+03	5.78465e-09	2.29981e-04	1.66927e-01	1.76266e+03	2.42020e+02
2.40486e+02	8.33447e+03	1.37227e+03	5.56981e-09	2.18418e-04	1.64650e-01	1.87517e+03	2.40486e+02
2.39678e+02	8.16336e+03	1.33352e+03	5.45546e-09	2.12251e-04	1.63354e-01	1.98707e+03	2.39678e+02
2.39685e+02	8.18195e+03	1.33686e+03	5.46788e-09	2.12783e-04	1.63391e-01	2.10859e+03	2.39685e+02
2.39940e+02	8.24753e+03	1.34951e+03	5.51171e-09	2.14796e-04	1.63626e-01	2.23475e+03	2.39940e+02
2.40024e+02	8.27539e+03	1.35427e+03	5.53033e-09	2.15553e-04	1.63650e-01	2.36378e+03	2.40024e+02
2.40003e+02	8.28527e+03	1.35572e+03	5.53693e-09	2.15785e-04	1.63630e-01	2.49584e+03	2.40003e+02
2.39991e+02	8.29908e+03	1.35821e+03	5.54616e-09	2.16181e-04	1.63658e-01	2.63378e+03	2.39991e+02
2.39991e+02	8.31599e+03	1.36154e+03	5.55746e-09	2.16711e-04	1.63726e-01	2.77167e+03	2.39991e+02
2.39988e+02	8.32887e+03	1.36391e+03	5.56607e-09	2.17089e-04	1.63757e-01	2.92492e+03	2.39988e+02
2.39984e+02	8.34240e+03	1.36653e+03	5.57511e-09	2.17506e-04	1.63806e-01	3.07907e+03	2.39984e+02
2.39983e+02	8.35343e+03	1.36859e+03	5.58248e-09	2.17832e-04	1.63835e-01	3.23252e+03	2.39983e+02
2.39988e+02	8.36295e+03	1.37015e+03	5.58884e-09	2.18082e-04	1.63836e-01	3.38776e+03	2.39988e+02
2.39999e+02	8.37556e+03	1.37252e+03	5.59728e-09	2.18459e-04	1.63872e-01	3.54415e+03	2.39999e+02
2.39997e+02	8.38026e+03	1.37329e+03	5.60041e-09	2.18582e-04	1.63873e-01	3.72353e+03	2.39997e+02
2.39987e+02	8.38725e+03	1.37454e+03	5.60509e-09	2.18781e-04	1.63885e-01	3.93233e+03	2.39987e+02
2.39991e+02	8.39199e+03	1.37515e+03	5.60825e-09	2.18877e-04	1.63865e-01	4.14073e+03	2.39991e+02
2.39987e+02	8.39515e+03	1.37540e+03	5.61037e-09	2.18916e-04	1.63832e-01	4.34848e+03	2.39987e+02
2.39991e+02	8.40329e+03	1.37696e+03	5.61580e-09	2.19165e-04	1.63859e-01	4.55717e+03	2.39991e+02
2.39995e+02	8.40220e+03	1.37661e+03	5.61508e-09	2.19110e-04	1.63839e-01	4.76485e+03	2.39995e+02
2.39987e+02	8.40356e+03	1.37676e+03	5.61599e-09	2.19134e-04	1.63831e-01	4.97299e+03	2.39987e+02
2.39987e+02	8.40608e+03	1.37714e+03	5.61767e-09	2.19194e-04	1.63827e-01	5.18117e+03	2.39987e+02
2.39997e+02	8.40752e+03	1.37736e+03	5.61863e-09	2.19229e-04	1.63825e-01	5.38873e+03	2.39997e+02
2.40003e+02	8.41253e+03	1.37841e+03	5.62198e-09	2.19396e-04	1.63852e-01	5.59749e+03	2.40003e+02
2.39998e+02	8.41406e+03	1.37866e+03	5.62300e-09	2.19436e-04	1.63852e-01	5.80496e+03	2.39998e+02
2.39997e+02	8.41420e+03	1.37848e+03	5.62309e-09	2.19408e-04	1.63828e-01	6.01372e+03	2.39997e+02
2.40002e+02	8.41548e+03	1.37875e+03	5.62395e-09	2.19451e-04	1.63835e-01	6.22171e+03	2.40002e+02
2.39997e+02	8.41917e+03	1.37952e+03	5.62641e-09	2.19573e-04	1.63855e-01	6.42988e+03	2.39997e+02
2.39982e+02	8.41375e+03	1.37821e+03	5.62279e-09	2.19365e-04	1.63805e-01	6.63800e+03	2.39982e+02
2.39987e+02	8.41617e+03	1.37867e+03	5.62441e-09	2.19437e-04	1.63812e-01	6.84580e+03	2.39987e+02
2.39980e+02	8.41497e+03	1.37829e+03	5.62361e-09	2.19376e-04	1.63790e-01	7.05488e+03	2.39980e+02
2.39999e+02	8.42292e+03	1.37977e+03	5.62892e-09	2.19613e-04	1.63812e-01	7.26244e+03	2.39999e+02
2.40010e+02	8.42304e+03	1.37947e+03	5.62900e-09	2.19565e-04	1.63773e-01	7.47024e+03	2.40010e+02
2.39989e+02	8.41709e+03	1.37825e+03	5.62502e-09	2.19371e-04	1.63744e-01	7.67832e+03	2.39989e+02
2.39984e+02	8.41744e+03	1.37832e+03	5.62526e-09	2.19381e-04	1.63745e-01	7.88603e+03	2.39984e+02
2.39990e+02	8.41759e+03	1.37831e+03	5.62536e-09	2.19381e-04	1.63742e-01	8.09568e+03	2.39990e+02
2.39997e+02	8.41985e+03	1.37879e+03	5.62687e-09	2.19457e-04	1.63755e-01	8.30359e+03	2.39997e+02
2.39994e+02	8.42260e+03	1.37949e+03	5.62871e-09	2.19567e-04	1.63784e-01	8.51113e+03	2.39994e+02
2.40001e+02	8.42020e+03	1.37889e+03	5.62710e-09	2.19473e-04	1.63760e-01	8.71992e+03	2.40001e+02
2.39996e+02	8.41967e+03	1.37883e+03	5.62675e-09	2.19463e-04	1.63763e-01	8.92698e+03	2.39996e+02
2.40007e+02	8.42530e+03	1.38000e+03	5.63051e-09	2.19649e-04	1.63792e-01	9.13474e+03	2.40007e+02
2.40003e+02	8.42473e+03	1.37984e+03	5.63013e-09	2.19623e-04	1.63784e-01	9.34234e+03	2.40003e+02
2.39996e+02	8.42516e+03	1.37994e+03	5.63042e-09	2.19639e-04	1.63788e-01	9.55030e+03	2.39996e+02
2.40006e+02	8.42322e+03	1.37943e+03	5.62912e-09	2.19559e-04	1.63765e-01	9.75884e+03	2.40006e+02
2.39999e+02	8.42102e+03	1.37894e+03	5.62765e-09	2.19481e-04	1.63750e-01	9.96730e+03	2.39999e+02
2.39997e+02	8.42443e+03	1.37972e+03	5.62993e-09	2.19604e-04	1.63776e-01	1.01731e+04	2.39997e+02
2.40002e+02	8.42489e+03	1.37976e+03	5.63024e-09	2.19612e-04	1.63772e-01	1.03827e+04	2.40002e+02
2.39992e+02	8.42080e+03	1.37891e+03	5.62751e-09	2.19476e-04	1.63751e-01	1.05884e+04	2.39992e+02
2.40001e+02	8.42716e+03	1.38006e+03	5.63175e-09	2.19659e-04	1.63764e-01	1.07962e+04	2.40001e+02
2.40011e+02	8.42523e+03	1.37934e+03	5.63047e-09	2.19544e-04	1.63715e-01	1.10030e+04	2.40011e+02
2.39990e+02	8.41941e+03	1.37795e+03	5.62658e-09	2.19323e-04	1.63663e-01	1.12120e+04	2.39990e+02
2.39997e+02	8.42232e+03	1.37876e+03	5.62852e-09	2.19452e-04	1.63703e-01	1.14177e+04	2.39997e+02
2.40005e+02	8.42265e+03	1.37874e+03	5.62874e-09	2.19449e-04	1.63695e-01	1.16244e+04	2.40005e+02
2.39993e+02	8.41937e+03	1.37808e+03	5.62655e-09	2.19344e-04	1.63680e-01	1.18336e+04	2.39993e+02
2.39537e+02	8.28349e+03	1.34826e+03	5.53574e-09	2.14597e-04	1.62765e-01	1.20421e+04	2.39537e+02
2.38182e+02	7.97580e+03	1.28263e+03	5.33012e-09	2.04151e-04	1.60815e-01	1.22085e+04	2.38182e+02
2.37041e+02	7.72811e+03	1.23032e+03	5.16459e-09	1.95825e-04	1.59200e-01	1.23476e+04	2.37041e+02
2.35917e+02	7.49060e+03	1.18034e+03	5.00587e-09	1.87871e-04	1.57576e-01	1.24853e+04	2.35917e+02
2.35104e+02	7.34204e+03	1.14890e+03	4.90659e-09	1.82867e-04	1.56483e-01	1.26227e+04	2.35104e+02
2.34968e+02	7.32037e+03	1.14332e+03	4.89210e-09	1.81978e-04	1.56183e-01	1.27632e+04	2.34968e+02
2.34991e+02	7.32608e+03	1.14381e+03	4.89592e-09	1.82056e-04	1.56129e-01	1.29169e+04	2.34991e+02
2.35002e+02	7.33352e+03	1.14472e+03	4.90089e-09	1.82201e-04	1.56095e-01	1.30978e+04	2.35002e+02
2.34995e+02	7.33410e+03	1.14421e+03	4.90128e-09	1.82119e-04	1.56012e-01	1.33086e+04	2.34995e+02
2.35005e+02	7.33720e+03	1.14440e+03	4.90335e-09	1.82149e-04	1.55972e-01	1.35195e+04	2.35005e+02
2.34993e+02	7.33948e+03	1.14449e+03	4.90487e-09	1.82164e-04	1.55937e-01	1.37303e+04	2.34993e+02
2.34997e+02	7.34169e+03	1.14457e+03	4.90635e-09	1.82176e-04	1.55900e-01	1.39408e+04	2.34997e+02
2.34994e+02	7.34088e+03	1.14426e+03	4.90581e-09	1.82128e-04	1.55875e-01	1.41510e+04	2.34994e+02
2.34991e+02	7.34084e+03	1.14393e+03	4.90578e-09	1.82074e-04	1.55831e-01	1.43618e+04	2.34991e+02
2.34990e+02	7.34189e+03	1.14399e+03	4.90649e-09	1.82085e-04	1.55817e-01	1.45735e+04	2.34990e+02
2.35012e+02	7.34739e+03	1.14481e+03	4.91016e-09	1.82214e-04	1.55811e-01	1.47843e+04	2.35012e+02
2.34996e+02	7.34374e+03	1.14366e+03	4.90772e-09	1.82032e-04	1.55733e-01	1.49957e+04	2.34996e+02
2.34990e+02	7.34340e+03	1.14322e+03	4.90749e-09	1.81962e-04	1.55680e-01	1.52058e+04	2.34990e+02
2.35000e+02	7.34591e+03	1.14380e+03	4.90917e-09	1.82054e-04	1.55705e-01	1.54163e+04	2.35000e+02
2.35002e+02	7.34346e+03	1.14322e+03	4.90754e-09	1.81962e-04	1.55679e-01	1.56275e+04	2.35002e+02
2.34989e+02	7.34062e+03	1.14254e+03	4.90564e-09	1.81854e-04	1.55646e-01	1.58389e+04	2.34989e+02
2.34990e+02	7.34028e+03	1.14242e+03	4.90541e-09	1.81834e-04	1.55637e-01	1.60491e+04	2.34990e+02
2.35001e+02	7.34205e+03	1.14265e+03	4.90659e-09	1.81870e-04	1.55630e-01	1.62600e+04	2.35001e+02
2.34986e+02	7.33943e+03	1.14199e+03	4.90484e-09	1.81766e-04	1.55597e-01	1.64715e+04	2.34986e+02
2.34993e+02	7.34214e+03	1.14251e+03	4.90665e-09	1.81849e-04	1.55610e-01	1.66829e+04	2.34993e+02
2.35021e+02	7.34488e+03	1.14305e+03	4.90849e-09	1.81935e-04	1.55626e-01	1.68930e+04	2.35021e+02
2.35000e+02	7.34186e+03	1.14232e+03	4.90646e-09	1.81818e-04	1.55590e-01	1.71046e+04	2.35000e+02
2.35000e+02	7.34122e+03	1.14216e+03	4.90604e-09	1.81793e-04	1.55582e-01	1.73162e+04	2.35000e+02
2.35000e+02	7.34151e+03	1.14220e+03	4.90623e-09	1.81800e-04	1.55581e-01	1.75269e+04	2.35000e+02
2.34997e+02	7.34338e+03	1.14253e+03	4.90748e-09	1.81852e-04	1.55586e-01	1.77386e+04	2.34997e+02
2.35019e+02	7.34660e+03	1.14313e+03	4.90963e-09	1.81947e-04	1.55600e-01	1.79496e+04	2.35019e+02
2.35009e+02	7.34299e+03	1.14231e+03	4.90722e-09	1.81816e-04	1.55564e-01	1.81603e+04	2.35009e+02
2.35007e+02	7.34515e+03	1.14273e+03	4.90866e-09	1.81884e-04	1.55576e-01	1.83711e+04	2.35007e+02
2.34979e+02	7.33916e+03	1.14143e+03	4.90466e-09	1.81677e-04	1.55526e-01	1.85828e+04	2.34979e+02
2.35004e+02	7.34189e+03	1.14195e+03	4.90649e-09	1.81760e-04	1.55540e-01	1.87938e+04	2.35004e+02
2.34979e+02	7.33786e+03	1.14110e+03	4.90379e-09	1.81625e-04	1.55509e-01	1.90046e+04	2.34979e+02
2.34991e+02	7.34077e+03	1.14159e+03	4.90574e-09	1.81703e-04	1.55514e-01	1.92150e+04	2.34991e+02
2.35012e+02	7.34299e+03	1.14190e+03	4.90722e-09	1.81751e-04	1.55509e-01	1.94258e+04	2.35012e+02
2.34990e+02	7.34124e+03	1.14120e+03	4.90605e-09	1.81641e-04	1.55451e-01	1.96365e+04	2.34990e+02
2.35000e+02	7.33858e+03	1.14073e+03	4.90427e-09	1.81565e-04	1.55443e-01	1.98480e+04	2.35000e+02
2.34993e+02	7.33680e+03	1.14034e+03	4.90308e-09	1.81504e-04	1.55428e-01	2.00584e+04	2.34993e+02
2.34972e+02	7.33486e+03	1.13990e+03	4.90179e-09	1.81433e-04	1.55409e-01	2.02699e+04	2.34972e+02
2.34965e+02	7.33273e+03	1.13949e+03	4.90036e-09	1.81368e-04	1.55398e-01	2.04803e+04	2.34965e+02
2.34998e+02	7.33894e+03	1.14071e+03	4.90452e-09	1.81562e-04	1.55432e-01	2.06915e+04	2.34998e+02
2.35030e+02	7.34831e+03	1.14259e+03	4.91078e-09	1.81862e-04	1.55490e-01	2.09030e+04	2.35030e+02
2.35005e+02	7.34159e+03	1.14122e+03	4.90628e-09	1.81643e-04	1.55446e-01	2.11146e+04	2.35005e+02
2.35030e+02	7.34433e+03	1.14172e+03	4.90811e-09	1.81724e-04	1.55457e-01	2.13261e+04	2.35030e+02
2.35003e+02	7.34139e+03	1.14114e+03	4.90615e-09	1.81631e-04	1.55439e-01	2.15373e+04	2.35003e+02
2.35015e+02	7.34340e+03	1.14155e+03	4.90749e-09	1.81696e-04	1.55453e-01	2.17490e+04	2.35015e+02
2.34993e+02	7.33856e+03	1.14054e+03	4.90426e-09	1.81536e-04	1.55418e-01	2.19595e+04	2.34993e+02
2.35018e+02	7.34703e+03	1.14221e+03	4.90992e-09	1.81801e-04	1.55465e-01	2.21703e+04	2.35018e+02
2.35004e+02	7.34053e+03	1.14082e+03	4.90558e-09	1.81580e-04	1.55414e-01	2.23807e+04	2.35004e+02
2.34838e+02	7.29493e+03	1.13174e+03	4.87510e-09	1.80134e-04	1.55140e-01	2.25919e+04	2.34838e+02
2.33238e+02	6.98316e+03	1.07115e+03	4.66675e-09	1.70491e-04	1.53391e-01	2.28021e+04	2.33238e+02
2.32084e+02	6.79152e+03	1.03375e+03	4.53868e-09	1.64538e-04	1.52212e-01	2.29819e+04	2.32084e+02
2.31971e+02	6.77130e+03	1.02906e+03	4.52517e-09	1.63792e-04	1.51975e-01	2.31923e+04	2.31971e+02
2.32008e+02	6.78161e+03	1.03022e+03	4.53206e-09	1.63975e-04	1.51913e-01	2.34038e+04	2.32008e+02
2.31994e+02	6.77958e+03	1.02929e+03	4.53070e-09	1.63828e-04	1.51822e-01	2.36132e+04	2.31994e+02
2.31992e+02	6.78092e+03	1.02920e+03	4.53160e-09	1.63813e-04	1.51778e-01	2.38226e+04	2.31992e+02
2.32009e+02	6.78335e+03	1.02898e+03	4.53322e-09	1.63779e-04	1.51692e-01	2.40321e+04	2.32009e+02
2.32000e+02	6.78374e+03	1.02866e+03	4.53348e-09	1.63728e-04	1.51637e-01	2.42416e+04	2.32000e+02
2.31999e+02	6.78371e+03	1.02846e+03	4.53346e-09	1.63697e-04	1.51608e-01	2.44512e+04	2.31999e+02
2.31996e+02	6.78340e+03	1.02824e+03	4.53325e-09	1.63660e-04	1.51581e-01	2.46608e+04	2.31996e+02
2.32005e+02	6.78413e+03	1.02829e+03	4.53374e-09	1.63669e-04	1.51573e-01	2.48705e+04	2.32005e+02
2.32007e+02	6.78486e+03	1.02825e+03	4.53423e-09	1.63663e-04	1.51551e-01	2.50801e+04	2.32007e+02
2.31988e+02	6.78355e+03	1.02787e+03	4.53335e-09	1.63602e-04	1.51524e-01	2.52897e+04	2.31988e+02
2.32001e+02	6.78435e+03	1.02790e+03	4.53389e-09	1.63606e-04	1.51510e-01	2.54993e+04	2.32001e+02
2.32006e+02	6.78548e+03	1.02802e+03	4.53464e-09	1.63625e-04	1.51502e-01	2.57085e+04	2.32006e+02
2.32007e+02	6.78666e+03	1.02818e+03	4.53543e-09	1.63651e-04	1.51500e-01	2.59181e+04	2.32007e+02
2.31988e+02	6.78105e+03	1.02701e+03	4.53169e-09	1.63465e-04	1.51453e-01	2.61277e+04	2.31988e+02
2.32003e+02	6.78415e+03	1.02751e+03	4.53375e-09	1.63545e-04	1.51457e-01	2.63376e+04	2.32003e+02
2.31991e+02	6.78016e+03	1.02667e+03	4.53109e-09	1.63412e-04	1.51423e-01	2.65470e+04	2.31991e+02
2.31994e+02	6.78171e+03	1.02683e+03	4.53212e-09	1.63437e-04	1.51412e-01	2.67563e+04	2.31994e+02
2.32002e+02	6.78213e+03	1.02687e+03	4.53240e-09	1.63442e-04	1.51408e-01	2.69669e+04	2.32002e+02
2.31996e+02	6.78185e+03	1.02671e+03	4.53222e-09	1.63417e-04	1.51390e-01	2.71764e+04	2.31996e+02
2.31997e+02	6.78225e+03	1.02672e+03	4.53248e-09	1.63419e-04	1.51383e-01	2.73858e+04	2.31997e+02
2.31994e+02	6.78170e+03	1.02663e+03	4.53212e-09	1.63405e-04	1.51383e-01	2.75959e+04	2.31994e+02
2.31997e+02	6.78179e+03	1.02647e+03	4.53218e-09	1.63379e-04	1.51357e-01	2.78055e+04	2.31997e+02
2.32006e+02	6.78245e+03	1.02656e+03	4.53262e-09	1.63393e-04	1.51355e-01	2.80148e+04	2.32006e+02
2.31995e+02	6.78222e+03	1.02647e+03	4.53247e-09	1.63380e-04	1.51348e-01	2.82245e+04	2.31995e+02
2.32003e+02	6.78054e+03	1.02613e+03	4.53134e-09	1.63325e-04	1.51334e-01	2.84348e+04	2.32003e+02
2.31993e+02	6.77969e+03	1.02595e+03	4.53077e-09	1.63296e-04	1.51327e-01	2.86445e+04	2.31993e+02
2.32012e+02	6.78303e+03	1.02652e+03	4.53301e-09	1.63388e-04	1.51337e-01	2.88537e+04	2.32012e+02
2.31990e+02	6.78023e+03	1.02586e+03	4.53113e-09	1.63282e-04	1.51302e-01	2.90632e+04	2.31990e+02
2.32007e+02	6.78268e+03	1.02638e+03	4.53277e-09	1.63365e-04	1.51324e-01	2.92729e+04	2.32007e+02
2.31999e+02	6.78011e+03	1.02577e+03	4.53105e-09	1.63267e-04	1.51291e-01	2.94825e+04	2.31999e+02
2.32018e+02	6.78193e+03	1.02584e+03	4.53227e-09	1.63280e-04	1.51261e-01	2.96919e+04	2.32018e+02
2.31992e+02	6.77810e+03	1.02494e+03	4.52971e-09	1.63135e-04	1.51213e-01	2.99015e+04	2.31992e+02
2.32013e+02	6.78168e+03	1.02562e+03	4.53211e-09	1.63244e-04	1.51234e-01	3.01111e+04	2.32013e+02
2.31999e+02	6.77772e+03	1.02486e+03	4.52946e-09	1.63123e-04	1.51210e-01	3.03207e+04	2.31999e+02
2.31982e+02	6.77571e+03	1.02444e+03	4.52812e-09	1.63056e-04	1.51193e-01	3.05306e+04	2.31982e+02
2.31996e+02	6.77748e+03	1.02475e+03	4.52929e-09	1.63106e-04	1.51200e-01	3.07407e+04	2.31996e+02
2.32003e+02	6.78006e+03	1.02522e+03	4.53102e-09	1.63181e-04	1.51211e-01	3.09502e+04	2.32003e+02
2.32005e+02	6.78033e+03	1.02518e+03	4.53120e-09	1.63174e-04	1.51199e-01	3.11609e+04	2.32005e+02
2.32005e+02	6.78000e+03	1.02512e+03	4.53098e-09	1.63164e-04	1.51198e-01	3.13703e+04	2.32005e+02
2.32006e+02	6.77936e+03	1.02505e+03	4.53055e-09	1.63153e-04	1.51202e-01	3.15796e+04	2.32006e+02
2.32006e+02	6.77896e+03	1.02490e+03	4.53029e-09	1.63130e-04	1.51189e-01	3.17896e+04	2.32006e+02
2.31995e+02	6.77623e+03	1.02437e+03	4.52846e-09	1.63044e-04	1.51171e-01	3.19991e+04	2.31995e+02
2.32016e+02	6.77957e+03	1.02493e+03	4.53070e-09	1.63135e-04	1.51180e-01	3.22085e+04	2.32016e+02
2.32002e+02	6.77949e+03	1.02490e+03	4.53064e-09	1.63130e-04	1.51177e-01	3.24181e+04	2.32002e+02
2.31995e+02	6.77703e+03	1.02447e+03	4.52899e-09	1.63061e-04	1.51168e-01	3.26274e+04	2.31995e+02
2.32013e+02	6.77990e+03	1.02497e+03	4.53091e-09	1.63140e-04	1.51177e-01	3.28371e+04	2.32013e+02
2.31212e+02	6.62036e+03	9.94955e+02	4.42430e-09	1.58363e-04	1.50287e-01	3.30465e+04	2.31212e+02
2.30033e+02	6.44292e+03	9.62184e+02	4.30572e-09	1.53147e-04	1.49340e-01	3.32559e+04	2.30033e+02
2.29964e+02	6.43308e+03	9.59764e+02	4.29914e-09	1.52762e-04	1.49192e-01	3.34661e+04	2.29964e+02
2.29989e+02	6.43635e+03	9.59929e+02	4.30132e-09	1.52788e-04	1.49142e-01	3.36763e+04	2.29989e+02
2.30006e+02	6.43945e+03	9.60237e+02	4.30340e-09	1.52837e-04	1.49118e-01	3.38849e+04	2.30006e+02
2.29986e+02	6.43797e+03	9.59713e+02	4.30241e-09	1.52754e-04	1.49071e-01	3.40943e+04	2.29986e+02
2.30002e+02	6.43963e+03	9.59779e+02	4.30352e-09	1.52764e-04	1.49042e-01	3.43036e+04	2.30002e+02
2.30004e+02	6.44081e+03	9.59793e+02	4.30430e-09	1.52767e-04	1.49018e-01	3.45129e+04	2.30004e+02
2.30003e+02	6.44096e+03	9.59645e+02	4.30440e-09	1.52743e-04	1.48991e-01	3.47227e+04	2.30003e+02
2.30000e+02	6.43969e+03	9.59323e+02	4.30356e-09	1.52692e-04	1.48970e-01	3.49320e+04	2.30000e+02
2.30000e+02	6.44021e+03	9.59269e+02	4.30390e-09	1.52683e-04	1.48950e-01	3.51420e+04	2.30000e+02
2.30004e+02	6.44098e+03	9.59322e+02	4.30442e-09	1.52692e-04	1.48940e-01	3.53512e+04	2.30004e+02
2.29987e+02	6.43732e+03	9.58545e+02	4.30197e-09	1.52568e-04	1.48905e-01	3.55604e+04	2.29987e+02
2.30010e+02	6.44072e+03	9.59032e+02	4.30425e-09	1.52645e-04	1.48901e-01	3.57698e+04	2.30010e+02
2.30005e+02	6.44030e+03	9.58831e+02	4.30397e-09	1.52613e-04	1.48880e-01	3.59796e+04	2.30005e+02
2.30013e+02	6.44073e+03	9.58726e+02	4.30425e-09	1.52597e-04	1.48854e-01	3.61888e+04	2.30013e+02
2.29989e+02	6.43711e+03	9.57734e+02	4.30183e-09	1.52439e-04	1.48783e-01	3.63985e+04	2.29989e+02
2.29995e+02	6.43753e+03	9.57797e+02	4.30211e-09	1.52449e-04	1.48783e-01	3.66078e+04	2.29995e+02
2.29998e+02	6.43745e+03	9.57721e+02	4.30206e-09	1.52437e-04	1.48773e-01	3.68165e+04	2.29998e+02
2.30000e+02	6.43785e+03	9.57715e+02	4.30233e-09	1.52436e-04	1.48763e-01	3.70255e+04	2.30000e+02
2.29989e+02	6.43677e+03	9.57528e+02	4.30161e-09	1.52406e-04	1.48759e-01	3.72348e+04	2.29989e+02
2.29984e+02	6.43376e+03	9.56956e+02	4.29959e-09	1.52315e-04	1.48740e-01	3.74438e+04	2.29984e+02
2.30005e+02	6.43754e+03	9.57566e+02	4.30212e-09	1.52412e-04	1.48747e-01	3.76530e+04	2.30005e+02
2.30000e+02	6.43627e+03	9.57268e+02	4.30127e-09	1.52365e-04	1.48730e-01	3.78624e+04	2.30000e+02
2.30000e+02	6.43784e+03	9.57439e+02	4.30232e-09	1.52392e-04	1.48720e-01	3.80720e+04	2.30000e+02
2.29997e+02	6.43445e+03	9.56783e+02	4.30005e-09	1.52287e-04	1.48697e-01	3.82811e+04	2.29997e+02
2.30006e+02	6.43741e+03	9.57313e+02	4.30203e-09	1.52372e-04	1.48711e-01	3.84902e+04	2.30006e+02
2.29996e+02	6.43626e+03	9.57029e+02	4.30127e-09	1.52327e-04	1.48693e-01	3.86998e+04	2.29996e+02
2.29996e+02	6.43571e+03	9.56945e+02	4.30090e-09	1.52313e-04	1.48693e-01	3.89091e+04	2.29996e+02
2.30004e+02	6.43640e+03	9.57045e+02	4.30136e-09	1.52329e-04	1.48693e-01	3.91186e+04	2.30004e+02
2.30004e+02	6.43557e+03	9.56798e+02	4.30080e-09	1.52290e-04	1.48673e-01	3.93281e+04	2.30004e+02
2.30004e+02	6.43633e+03	9.57016e+02	4.30131e-09	1.52325e-04	1.48690e-01	3.95379e+04	2.30004e+02
2.29993e+02	6.43604e+03	9.56794e+02	4.30112e-09	1.52289e-04	1.48662e-01	3.97477e+04	2.29993e+02
2.29996e+02	6.43621e+03	9.56887e+02	4.30123e-09	1.52304e-04	1.48672e-01	3.99573e+04	2.29996e+02
2.29998e+02	6.43512e+03	9.56632e+02	4.30050e-09	1.52263e-04	1.48658e-01	4.01671e+04	2.29998e+02
2.29997e+02	6.43448e+03	9.56502e+02	4.30007e-09	1.52243e-04	1.48653e-01	4.03769e+04	2.29997e+02
2.29994e+02	6.43394e+03	9.56394e+02	4.29972e-09	1.52225e-04	1.48648e-01	4.05860e+04	2.29994e+02
2.29999e+02	6.43514e+03	9.56501e+02	4.30052e-09	1.52243e-04	1.48637e-01	4.07958e+04	2.29999e+02
2.30003e+02	6.43636e+03	9.56735e+02	4.30133e-09	1.52280e-04	1.48645e-01	4.10054e+04	2.30003e+02
2.29995e+02	6.43355e+03	9.56225e+02	4.29946e-09	1.52199e-04	1.48631e-01	4.12146e+04	2.29995e+02
2.30010e+02	6.43792e+03	9.57030e+02	4.30237e-09	1.52327e-04	1.48655e-01	4.14238e+04	2.30010e+02
2.29998e+02	6.43427e+03	9.56267e+02	4.29993e-09	1.52205e-04	1.48621e-01	4.16332e+04	2.29998e+02
2.29999e+02	6.43623e+03	9.56597e+02	4.30125e-09	1.52258e-04	1.48627e-01	4.18422e+04	2.29999e+02
2.30007e+02	6.43547e+03	9.56460e+02	4.30074e-09	1.52236e-04	1.48623e-01	4.20518e+04	2.30007e+02
2.29988e+02	6.43248e+03	9.55867e+02	4.29874e-09	1.52142e-04	1.48600e-01	4.22614e+04	2.29988e+02
2.29999e+02	6.43366e+03	9.56038e+02	4.29953e-09	1.52169e-04	1.48599e-01	4.24707e+04	2.29999e+02
2.30000e+02	6.43556e+03	9.56388e+02	4.30080e-09	1.52225e-04	1.48610e-01	4.26802e+04	2.30000e+02
2.29984e+02	6.43311e+03	9.55810e+02	4.29916e-09	1.52133e-04	1.48577e-01	4.28903e+04	2.29984e+02
2.30002e+02	6.43414e+03	9.55833e+02	4.29985e-09	1.52136e-04	1.48557e-01	4.30991e+04	2.30002e+02
2.29050e+02	6.27881e+03	9.27429e+02	4.19605e-09	1.47615e-04	1.47708e-01	4.33086e+04	2.29050e+02
2.28957e+02	6.26884e+03	9.25343e+02	4.18938e-09	1.47283e-04	1.47610e-01	4.35178e+04	2.28957e+02
2.28998e+02	6.27416e+03	9.26159e+02	4.19293e-09	1.47413e-04	1.47615e-01	4.37268e+04	2.28998e+02
2.29001e+02	6.27394e+03	9.25919e+02	4.19279e-09	1.47375e-04	1.47582e-01	4.39360e+04	2.29001e+02
2.28993e+02	6.27232e+03	9.25580e+02	4.19171e-09	1.47321e-04	1.47566e-01	4.41449e+04	2.28993e+02
2.29010e+02	6.27590e+03	9.26091e+02	4.19410e-09	1.47402e-04	1.47563e-01	4.43536e+04	2.29010e+02
2.28999e+02	6.27263e+03	9.25484e+02	4.19191e-09	1.47306e-04	1.47543e-01	4.45627e+04	2.28999e+02
2.28990e+02	6.27333e+03	9.25462e+02	4.19238e-09	1.47302e-04	1.47523e-01	4.47718e+04	2.28990e+02
2.29005e+02	6.27501e+03	9.25711e+02	4.19350e-09	1.47342e-04	1.47523e-01	4.49808e+04	2.29005e+02
2.29005e+02	6.27518e+03	9.25702e+02	4.19362e-09	1.47340e-04	1.47518e-01	4.51895e+04	2.29005e+02
2.28998e+02	6.27326e+03	9.25259e+02	4.19234e-09	1.47270e-04	1.47492e-01	4.53989e+04	2.28998e+02
2.29001e+02	6.27433e+03	9.25396e+02	4.19305e-09	1.47292e-04	1.47489e-01	4.56078e+04	2.29001e+02
2.28998e+02	6.27306e+03	9.25165e+02	4.19220e-09	1.47255e-04	1.47482e-01	4.58176e+04	2.28998e+02
2.29003e+02	6.27507e+03	9.25489e+02	4.19354e-09	1.47306e-04	1.47487e-01	4.60271e+04	2.29003e+02
2.29012e+02	6.27479e+03	9.25413e+02	4.19336e-09	1.47294e-04	1.47481e-01	4.62363e+04	2.29012e+02
2.29012e+02	6.27658e+03	9.25650e+02	4.19455e-09	1.47332e-04	1.47477e-01	4.64460e+04	2.29012e+02
2.28992e+02	6.27252e+03	9.24849e+02	4.19184e-09	1.47205e-04	1.47445e-01	4.66548e+04	2.28992e+02
2.29001e+02	6.27382e+03	9.25102e+02	4.19271e-09	1.47245e-04	1.47454e-01	4.68646e+04	2.29001e+02
2.28998e+02	6.27322e+03	9.24956e+02	4.19231e-09	1.47222e-04	1.47445e-01	4.70735e+04	2.28998e+02
2.29011e+02	6.27585e+03	9.25447e+02	4.19407e-09	1.47300e-04	1.47462e-01	4.72827e+04	2.29011e+02
2.28993e+02	6.27136e+03	9.24487e+02	4.19107e-09	1.47147e-04	1.47414e-01	4.74915e+04	2.28993e+02
2.29001e+02	6.27279e+03	9.24709e+02	4.19202e-09	1.47182e-04	1.47416e-01	4.77001e+04	2.29001e+02
2.29006e+02	6.27360e+03	9.24867e+02	4.19256e-09	1.47207e-04	1.47422e-01	4.79089e+04	2.29006e+02
2.28998e+02	6.27300e+03	9.24701e+02	4.19216e-09	1.47181e-04	1.47410e-01	4.81176e+04	2.28998e+02
2.29002e+02	6.27242e+03	9.24537e+02	4.19177e-09	1.47155e-04	1.47397e-01	4.83277e+04	2.29002e+02
2.28991e+02	6.27117e+03	9.24324e+02	4.19094e-09	1.47121e-04	1.47392e-01	4.85362e+04	2.28991e+02
2.28995e+02	6.27199e+03	9.24389e+02	4.19149e-09	1.47131e-04	1.47384e-01	4.87451e+04	2.28995e+02
2.28997e+02	6.27148e+03	9.24243e+02	4.19115e-09	1.47108e-04	1.47372e-01	4.89544e+04	2.28997e+02
2.29007e+02	6.27462e+03	9.24577e+02	4.19324e-09	1.47161e-04	1.47352e-01	4.91634e+04	2.29007e+02
2.28992e+02	6.27078e+03	9.23759e+02	4.19067e-09	1.47031e-04	1.47312e-01	4.93725e+04	2.28992e+02
2.28996e+02	6.27202e+03	9.24060e+02	4.19150e-09	1.47079e-04	1.47331e-01	4.95818e+04	2.28996e+02
2.28999e+02	6.27052e+03	9.23703e+02	4.19050e-09	1.47022e-04	1.47309e-01	4.97903e+04	2.28999e+02
2.29000e+02	6.27099e+03	9.23741e+02	4.19082e-09	1.47028e-04	1.47304e-01	4.99990e+04	2.29000e+02
2.28995e+02	6.26945e+03	9.23426e+02	4.18979e-09	1.46978e-04	1.47290e-01	5.02087e+04	2.28995e+02
2.29001e+02	6.27048e+03	9.23568e+02	4.19047e-09	1.47001e-04	1.47288e-01	5.04181e+04	2.29001e+02
2.28998e+02	6.26997e+03	9.23548e+02	4.19014e-09	1.46998e-04	1.47297e-01	5.06281e+04	2.28998e+02
2.29003e+02	6.27051e+03	9.23598e+02	4.19050e-09	1.47006e-04	1.47292e-01	5.08368e+04	2.29003e+02
2.29005e+02	6.27165e+03	9.23808e+02	4.19125e-09	1.47039e-04	1.47299e-01	5.10458e+04	2.29005e+02
2.28996e+02	6.26833e+03	9.23202e+02	4.18904e-09	1.46942e-04	1.47280e-01	5.12548e+04	2.28996e+02
2.29000e+02	6.26984e+03	9.23478e+02	4.19005e-09	1.46986e-04	1.47289e-01	5.14644e+04	2.29000e+02
2.29003e+02	6.27047e+03	9.23527e+02	4.19047e-09	1.46994e-04	1.47282e-01	5.16731e+04	2.29003e+02
2.28999e+02	6.27073e+03	9.23597e+02	4.19064e-09	1.47005e-04	1.47287e-01	5.18828e+04	2.28999e+02
2.29006e+02	6.27139e+03	9.23693e+02	4.19108e-09	1.47021e-04	1.47287e-01	5.20915e+04	2.29006e+02
2.28992e+02	6.27035e+03	9.23446e+02	4.19039e-09	1.46981e-04	1.47272e-01	5.23005e+04	2.28992e+02
2.29001e+02	6.27138e+03	9.23710e+02	4.19108e-09	1.47023e-04	1.47290e-01	5.25093e+04	2.29001e+02
2.29010e+02	6.27130e+03	9.23593e+02	4.19102e-09	1.47005e-04	1.47273e-01	5.27187e+04	2.29010e+02
2.29001e+02	6.27022e+03	9.23423e+02	4.19030e-09	1.46978e-04	1.47271e-01	5.29282e+04	2.29001e+02
2.29000e+02	6.27130e+03	9.23616e+02	4.19102e-09	1.47008e-04	1.47277e-01	5.31373e+04	2.29000e+02
2.28617e+02	6.20134e+03	9.10979e+02	4.14427e-09	1.44997e-04	1.46900e-01	5.33468e+04	2.28617e+02
2.28011e+02	6.11660e+03	8.95692e+02	4.08764e-09	1.42564e-04	1.46436e-01	5.35556e+04	2.28011e+02
2.27982e+02	6.11395e+03	8.95112e+02	4.08587e-09	1.42471e-04	1.46405e-01	5.37641e+04	2.27982e+02
2.28000e+02	6.11606e+03	8.95301e+02	4.08728e-09	1.42502e-04	1.46385e-01	5.39729e+04	2.28000e+02
2.28013e+02	6.11829e+03	8.95520e+02	4.08877e-09	1.42536e-04	1.46368e-01	5.41818e+04	2.28013e+02
2.28003e+02	6.11706e+03	8.95291e+02	4.08795e-09	1.42500e-04	1.46360e-01	5.43906e+04	2.28003e+02
2.27992e+02	6.11591e+03	8.94943e+02	4.08718e-09	1.42445e-04	1.46330e-01	5.45992e+04	2.27992e+02
2.27997e+02	6.11689e+03	8.95036e+02	4.08783e-09	1.42459e-04	1.46322e-01	5.48084e+04	2.27997e+02
2.27999e+02	6.11735e+03	8.95041e+02	4.08814e-09	1.42460e-04	1.46312e-01	5.50175e+04	2.27999e+02
2.28009e+02	6.11856e+03	8.95015e+02	4.08895e-09	1.42456e-04	1.46279e-01	5.52267e+04	2.28009e+02
2.27989e+02	6.11543e+03	8.94327e+02	4.08686e-09	1.42347e-04	1.46241e-01	5.54362e+04	2.27989e+02
2.27999e+02	6.11671e+03	8.94493e+02	4.08772e-09	1.42373e-04	1.46238e-01	5.56460e+04	2.27999e+02
2.28000e+02	6.11703e+03	8.94527e+02	4.08792e-09	1.42378e-04	1.46236e-01	5.58551e+04	2.28000e+02
2.27991e+02	6.11503e+03	8.94176e+02	4.08659e-09	1.42323e-04	1.46226e-01	5.60657e+04	2.27991e+02
2.27999e+02	6.11622e+03	8.94312e+02	4.08739e-09	1.42344e-04	1.46220e-01	5.62753e+04	2.27999e+02
2.28005e+02	6.11691e+03	8.94402e+02	4.08785e-09	1.42359e-04	1.46218e-01	5.64854e+04	2.28005e+02
2.27991e+02	6.11522e+03	8.94055e+02	4.08672e-09	1.42303e-04	1.46202e-01	5.66949e+04	2.27991e+02
2.28005e+02	6.11624e+03	8.94241e+02	4.08740e-09	1.42333e-04	1.46208e-01	5.69043e+04	2.28005e+02
2.27999e+02	6.11482e+03	8.93954e+02	4.08645e-09	1.42287e-04	1.46195e-01	5.71136e+04	2.27999e+02
2.28000e+02	6.11527e+03	8.94007e+02	4.08675e-09	1.42296e-04	1.46193e-01	5.73227e+04	2.28000e+02
2.28001e+02	6.11634e+03	8.94222e+02	4.08747e-09	1.42330e-04	1.46202e-01	5.75325e+04	2.28001e+02
2.28011e+02	6.11729e+03	8.94365e+02	4.08810e-09	1.42353e-04	1.46203e-01	5.77419e+04	2.28011e+02
2.27992e+02	6.11274e+03	8.93508e+02	4.08506e-09	1.42216e-04	1.46171e-01	5.79515e+04	2.27992e+02
2.28009e+02	6.11659e+03	8.94090e+02	4.08764e-09	1.42309e-04	1.46174e-01	5.81612e+04	2.28009e+02
2.28001e+02	6.11584e+03	8.93921e+02	4.08713e-09	1.42282e-04	1.46165e-01	5.83707e+04	2.28001e+02
2.28004e+02	6.11543e+03	8.93934e+02	4.08686e-09	1.42284e-04	1.46177e-01	5.85801e+04	2.28004e+02
2.27997e+02	6.11504e+03	8.93774e+02	4.08659e-09	1.42259e-04	1.46160e-01	5.87892e+04	2.27997e+02
2.28000e+02	6.11394e+03	8.93553e+02	4.08586e-09	1.42223e-04	1.46150e-01	5.89983e+04	2.28000e+02
2.28010e+02	6.11551e+03	8.93871e+02	4.08691e-09	1.42274e-04	1.46164e-01	5.92092e+04	2.28010e+02
2.27996e+02	6.11405e+03	8.93558e+02	4.08593e-09	1.42224e-04	1.46148e-01	5.94187e+04	2.27996e+02
2.27997e+02	6.11351e+03	8.93417e+02	4.08558e-09	1.42202e-04	1.46138e-01	5.96283e+04	2.27997e+02
2.27994e+02	6.11394e+03	8.93466e+02	4.08586e-09	1.42209e-04	1.46136e-01	5.98383e+04	2.27994e+02
2.27998e+02	6.11407e+03	8.93390e+02	4.08595e-09	1.42197e-04	1.46120e-01	6.00476e+04	2.27998e+02
2.27999e+02	6.11230e+03	8.93165e+02	4.08477e-09	1.42162e-04	1.46126e-01	6.02572e+04	2.27999e+02
2.27997e+02	6.11335e+03	8.93308e+02	4.08547e-09	1.42184e-04	1.46124e-01	6.04668e+04	2.27997e+02
2.28008e+02	6.11431e+03	8.93443e+02	4.08611e-09	1.42206e-04	1.46123e-01	6.06764e+04	2.28008e+02
2.28010e+02	6.11534e+03	8.93664e+02	4.08680e-09	1.42241e-04	1.46135e-01	6.08859e+04	2.28010e+02
2.28000e+02	6.11277e+03	8.93162e+02	4.08508e-09	1.42161e-04	1.46114e-01	6.10956e+04	2.28000e+02
2.28011e+02	6.11478e+03	8.93459e+02	4.08642e-09	1.42208e-04	1.46115e-01	6.13052e+04	2.28011e+02
2.28002e+02	6.11278e+03	8.93152e+02	4.08509e-09	1.42160e-04	1.46112e-01	6.15148e+04	2.28002e+02
2.27998e+02	6.11284e+03	8.93044e+02	4.08513e-09	1.42142e-04	1.46093e-01	6.17242e+04	2.27998e+02
2.27992e+02	6.11213e+03	8.92945e+02	4.08465e-09	1.42127e-04	1.46094e-01	6.19343e+04	2.27992e+02
2.28000e+02	6.11208e+03	8.92876e+02	4.08462e-09	1.42116e-04	1.46084e-01	6.21441e+04	2.28000e+02
2.27999e+02	6.11246e+03	8.93002e+02	4.08487e-09	1.42136e-04	1.46095e-01	6.23536e+04	2.27999e+02
2.28005e+02	6.11316e+03	8.92990e+02	4.08534e-09	1.42134e-04	1.46077e-01	6.25632e+04	2.28005e+02
2.28006e+02	6.11263e+03	8.92720e+02	4.08498e-09	1.42091e-04	1.46045e-01	6.27723e+04	2.28006e+02
2.27983e+02	6.11003e+03	8.92155e+02	4.08325e-09	1.42001e-04	1.46015e-01	6.29815e+04	2.27983e+02
2.27992e+02	6.11054e+03	8.92238e+02	4.08359e-09	1.42014e-04	1.46016e-01	6.31914e+04	2.27992e+02
2.28006e+02	6.11290e+03	8.92652e+02	4.08517e-09	1.42080e-04	1.46028e-01	6.34004e+04	2.28006e+02
2.29922e+02	6.46467e+03	9.61523e+02	4.32025e-09	1.53042e-04	1.48735e-01	6.36103e+04	2.29922e+02
2.32391e+02	6.93443e+03	1.06081e+03	4.63418e-09	1.68845e-04	1.52977e-01	6.37610e+04	2.32391e+02
2.34582e+02	7.38229e+03	1.15584e+03	4.93349e-09	1.83970e-04	1.56569e-01	6.38940e+04	2.34582e+02
2.36714e+02	7.85286e+03	1.25725e+03	5.24796e-09	2.00112e-04	1.60101e-01	6.40244e+04	2.36714e+02
2.38479e+02	8.26923e+03	1.34894e+03	5.52621e-09	2.14706e-04	1.63128e-01	6.41315e+04	2.38479e+02
2.40333e+02	8.74192e+03	1.45622e+03	5.84210e-09	2.31781e-04	1.66579e-01	6.42456e+04	2.40333e+02
2.42180e+02	9.24667e+03	1.57449e+03	6.17942e-09	2.50606e-04	1.70277e-01	6.43580e+04	2.42180e+02
2.44040e+02	9.79316e+03	1.70622e+03	6.54463e-09	2.71573e-04	1.74226e-01	6.44714e+04	2.44040e+02
2.45891e+02	1.03758e+04	1.85045e+03	6.93401e-09	2.94530e-04	1.78343e-01	6.45836e+04	2.45891e+02
2.47755e+02	1.10047e+04	2.00929e+03	7.35431e-09	3.19811e-04	1.82584e-01	6.46973e+04	2.47755e+02
2.49525e+02	1.16481e+04	2.17496e+03	7.78428e-09	3.46180e-04	1.86722e-01	6.48064e+04	2.49525e+02
2.51451e+02	1.23974e+04	2.36977e+03	8.28500e-09	3.77187e-04	1.91151e-01	6.49234e+04	2.51451e+02
2.53413e+02	1.32011e+04	2.57995e+03	8.82214e-09	4.10640e-04	1.95434e-01	6.50429e+04	2.53413e+02
2.55320e+02	1.40440e+04	2.79658e+03	9.38540e-09	4.45121e-04	1.99130e-01	6.51600e+04	2.55320e+02
2.57255e+02	1.49393e+04	3.01935e+03	9.98374e-09	4.80578e-04	2.02108e-01	6.52763e+04	2.57255e+02
2.59023e+02	1.57997e+04	3.22217e+03	1.05587e-08	5.12860e-04	2.03938e-01	6.53860e+04	2.59023e+02
2.60810e+02	1.66973e+04	3.41715e+03	1.11586e-08	5.43895e-04	2.04653e-01	6.54946e+04	2.60810e+02
2.62680e+02	1.76651e+04	3.59986e+03	1.18053e-08	5.72976e-04	2.03784e-01	6.56057e+04	2.62680e+02
2.64640e+02	1.86752e+04	3.75030e+03	1.24804e-08	5.96921e-04	2.00817e-01	6.57190e+04	2.64640e+02
2.66498e+02	1.96054e+04	3.83890e+03	1.31020e-08	6.11022e-04	1.95808e-01	6.58320e+04	2.66498e+02
2.68391e+02	2.05320e+04	3.86084e+03	1.37212e-08	6.14516e-04	1.88040e-01	6.59473e+04	2.68391e+02
2.70268e+02	2.13560e+04	3.80015e+03	1.42719e-08	6.04855e-04	1.77943e-01	6.60616e+04	2.70268e+02
2.72202e+02	2.21338e+04	3.63505e+03	1.47917e-08	5.78576e-04	1.64231e-01	6.61749e+04	2.72202e+02
2.74270e+02	2.27501e+04	3.36692e+03	1.52036e-08	5.35900e-04	1.47996e-01	6.62898e+04	2.74270e+02
2.76125e+02	2.31334e+04	3.04705e+03	1.54597e-08	4.84986e-04	1.31716e-01	6.64038e+04	2.76125e+02
2.78000e+02	2.33333e+04	2.68003e+03	1.55933e-08	4.26570e-04	1.14859e-01	6.65180e+04	2.78000e+02
2.79852e+02	2.33486e+04	2.29669e+03	1.56035e-08	3.65555e-04	9.83652e-02	6.66309e+04	2.79852e+02
2.83588e+02	2.28796e+04	1.57274e+03	1.52901e-08	2.50327e-04	6.87399e-02	6.68580e+04	2.83588e+02
2.87355e+02	2.19402e+04	1.04083e+03	1.46623e-08	1.65666e-04	4.74396e-02	6.70861e+04	2.87355e+02
2.91182e+02	2.07821e+04	7.11558e+02	1.38884e-08	1.13256e-04	3.42390e-02	6.73144e+04	2.91182e+02
2.94941e+02	1.96007e+04	5.26680e+02	1.30989e-08	8.38296e-05	2.68705e-02	6.75411e+04	2.94941e+02