PMN (111) big, 29.1.2020, 16:30
Diameter[mm] 6.200e+00  Thickness[mm] 4.000e-01  Spacer Capacity[pF] 1.000e+00  Spacer Area[mm^2] 0.000e+00
Fixed value(s) :  Freq. [Hz]=5.778e+00  AC Volt  [Vrms]=1.000e+00
 Temp. [K]	 Eps'    	 Eps''   	 Sig' [S/cm]	  Cp' [F]	Tan(Delta)  	M Time M[s]	M Temp [K]
2.92041e+02	1.54292e+04	2.27871e+01	7.32455e-11	1.03111e-08	1.47689e-03	6.95439e+01	2.92041e+02
2.99478e+02	1.32829e+04	1.73174e+01	5.56637e-11	8.87676e-09	1.30374e-03	2.54718e+02	2.99478e+02
3.07608e+02	1.14141e+04	1.35517e+01	4.35598e-11	7.62791e-09	1.18728e-03	4.18527e+02	3.07608e+02
3.14862e+02	9.96956e+03	1.07283e+01	3.44844e-11	6.66252e-09	1.07611e-03	5.87388e+02	3.14862e+02
3.22592e+02	8.61004e+03	8.13568e+00	2.61508e-11	5.75397e-09	9.44906e-04	7.55652e+02	3.22592e+02
3.30727e+02	7.41461e+03	6.89378e+00	2.21589e-11	4.95508e-09	9.29756e-04	9.22175e+02	3.30727e+02
3.38715e+02	6.42121e+03	5.63387e+00	1.81091e-11	4.29121e-09	8.77384e-04	1.08844e+03	3.38715e+02
3.46936e+02	5.56024e+03	4.70856e+00	1.51349e-11	3.71583e-09	8.46826e-04	1.25802e+03	3.46936e+02
3.55093e+02	4.83944e+03	4.02717e+00	1.29447e-11	3.23413e-09	8.32156e-04	1.42797e+03	3.55093e+02
3.62741e+02	4.26203e+03	3.49089e+00	1.12209e-11	2.84826e-09	8.19067e-04	1.58953e+03	3.62741e+02
3.70672e+02	3.76081e+03	3.17545e+00	1.02069e-11	2.51329e-09	8.44352e-04	1.75091e+03	3.70672e+02
3.78243e+02	3.35229e+03	2.98250e+00	9.58676e-12	2.24029e-09	8.89691e-04	1.90867e+03	3.78243e+02
3.85978e+02	2.99404e+03	2.77851e+00	8.93105e-12	2.00088e-09	9.28012e-04	2.07128e+03	3.85978e+02
3.93848e+02	2.68094e+03	2.69446e+00	8.66091e-12	1.79163e-09	1.00505e-03	2.23415e+03	3.93848e+02
4.01615e+02	2.41959e+03	2.64221e+00	8.49296e-12	1.61698e-09	1.09201e-03	2.39444e+03	4.01615e+02
4.09343e+02	2.19280e+03	2.55856e+00	8.22406e-12	1.46542e-09	1.16680e-03	2.55553e+03	4.09343e+02
4.17548e+02	1.98585e+03	2.53832e+00	8.15902e-12	1.32712e-09	1.27821e-03	2.72477e+03	4.17548e+02
4.25713e+02	1.80900e+03	2.53962e+00	8.16320e-12	1.20893e-09	1.40388e-03	2.89556e+03	4.25713e+02
4.33941e+02	1.65494e+03	2.52820e+00	8.12649e-12	1.10597e-09	1.52767e-03	3.06733e+03	4.33941e+02
4.42033e+02	1.52253e+03	2.57570e+00	8.27915e-12	1.01748e-09	1.69172e-03	3.23579e+03	4.42033e+02
4.49380e+02	1.41987e+03	2.56234e+00	8.23623e-12	9.48880e-10	1.80463e-03	3.40244e+03	4.49380e+02
4.51405e+02	1.41196e+03	2.53018e+00	8.13285e-12	9.43594e-10	1.79196e-03	3.57092e+03	4.51405e+02
4.49736e+02	1.45065e+03	2.46855e+00	7.93474e-12	9.69447e-10	1.70169e-03	3.73865e+03	4.49736e+02
4.49744e+02	1.45677e+03	2.44913e+00	7.87232e-12	9.73537e-10	1.68121e-03	3.90658e+03	4.49744e+02
4.50255e+02	1.45533e+03	2.44802e+00	7.86874e-12	9.72576e-10	1.68211e-03	4.07419e+03	4.50255e+02
4.50079e+02	1.46342e+03	2.43323e+00	7.82121e-12	9.77983e-10	1.66270e-03	4.24089e+03	4.50079e+02
4.49911e+02	1.46899e+03	2.43612e+00	7.83051e-12	9.81703e-10	1.65837e-03	4.40847e+03	4.49911e+02
4.50028e+02	1.47044e+03	2.42414e+00	7.79199e-12	9.82676e-10	1.64858e-03	4.57600e+03	4.50028e+02
4.50060e+02	1.47172e+03	2.40844e+00	7.74152e-12	9.83531e-10	1.63648e-03	4.74424e+03	4.50060e+02
4.50049e+02	1.47372e+03	2.37169e+00	7.62340e-12	9.84869e-10	1.60932e-03	4.91175e+03	4.50049e+02
4.49643e+02	1.48462e+03	2.37618e+00	7.63783e-12	9.92153e-10	1.60053e-03	5.07958e+03	4.49643e+02
4.45020e+02	1.57285e+03	2.29471e+00	7.37597e-12	1.05112e-09	1.45895e-03	5.24816e+03	4.45020e+02
4.38568e+02	1.69653e+03	2.23390e+00	7.18049e-12	1.13377e-09	1.31674e-03	5.41861e+03	4.38568e+02
4.32768e+02	1.81616e+03	2.14451e+00	6.89316e-12	1.21372e-09	1.18079e-03	5.58846e+03	4.32768e+02
4.27168e+02	1.94289e+03	2.07199e+00	6.66005e-12	1.29841e-09	1.06645e-03	5.75942e+03	4.27168e+02
4.21546e+02	2.08200e+03	2.00577e+00	6.44720e-12	1.39137e-09	9.63384e-04	5.92907e+03	4.21546e+02
4.15908e+02	2.23744e+03	1.96377e+00	6.31222e-12	1.49525e-09	8.77688e-04	6.09855e+03	4.15908e+02
4.10498e+02	2.39991e+03	1.93100e+00	6.20689e-12	1.60383e-09	8.04614e-04	6.25999e+03	4.10498e+02
4.05160e+02	2.57660e+03	1.90360e+00	6.11879e-12	1.72191e-09	7.38802e-04	6.41984e+03	4.05160e+02
3.99743e+02	2.77533e+03	1.90181e+00	6.11304e-12	1.85472e-09	6.85254e-04	6.58231e+03	3.99743e+02
3.94314e+02	2.99430e+03	1.90358e+00	6.11875e-12	2.00105e-09	6.35734e-04	6.74517e+03	3.94314e+02
3.88932e+02	3.23493e+03	1.94991e+00	6.26767e-12	2.16186e-09	6.02769e-04	6.90646e+03	3.88932e+02
3.83399e+02	3.50932e+03	2.02734e+00	6.51656e-12	2.34523e-09	5.77703e-04	7.07177e+03	3.83399e+02
3.78130e+02	3.79956e+03	2.04505e+00	6.57347e-12	2.53919e-09	5.38233e-04	7.22987e+03	3.78130e+02
3.72847e+02	4.12160e+03	2.25188e+00	7.23831e-12	2.75441e-09	5.46361e-04	7.38790e+03	3.72847e+02
3.67511e+02	4.48065e+03	2.39806e+00	7.70816e-12	2.99436e-09	5.35203e-04	7.54797e+03	3.67511e+02
3.62142e+02	4.88066e+03	2.67881e+00	8.61058e-12	3.26168e-09	5.48861e-04	7.70915e+03	3.62142e+02
3.56842e+02	5.32122e+03	2.90833e+00	9.34834e-12	3.55610e-09	5.46553e-04	7.86878e+03	3.56842e+02
3.51203e+02	5.84479e+03	3.34823e+00	1.07623e-11	3.90599e-09	5.72857e-04	8.03796e+03	3.51203e+02
3.45508e+02	6.42357e+03	3.84516e+00	1.23596e-11	4.29278e-09	5.98602e-04	8.20759e+03	3.45508e+02
3.39940e+02	7.05853e+03	4.52982e+00	1.45604e-11	4.71712e-09	6.41751e-04	8.37411e+03	3.39940e+02
3.34336e+02	7.76471e+03	5.38138e+00	1.72975e-11	5.18905e-09	6.93055e-04	8.54305e+03	3.34336e+02
3.28756e+02	8.53310e+03	6.26357e+00	2.01332e-11	5.70255e-09	7.34032e-04	8.71025e+03	3.28756e+02
3.23174e+02	9.37497e+03	7.79948e+00	2.50701e-11	6.26517e-09	8.31947e-04	8.87717e+03	3.23174e+02
3.17565e+02	1.03116e+04	9.04487e+00	2.90732e-11	6.89111e-09	8.77153e-04	9.04597e+03	3.17565e+02
3.11943e+02	1.13235e+04	1.14362e+01	3.67599e-11	7.56731e-09	1.00996e-03	9.21504e+03	3.11943e+02
3.06473e+02	1.23878e+04	1.36074e+01	4.37387e-11	8.27860e-09	1.09845e-03	9.37952e+03	3.06473e+02
3.00312e+02	1.36626e+04	1.67155e+01	5.37291e-11	9.13054e-09	1.22344e-03	9.56285e+03	3.00312e+02
2.94186e+02	1.50481e+04	2.10194e+01	6.75634e-11	1.00565e-08	1.39681e-03	9.74826e+03	2.94186e+02
2.88025e+02	1.65676e+04	2.67928e+01	8.61211e-11	1.10719e-08	1.61718e-03	9.93383e+03	2.88025e+02
2.81829e+02	1.81955e+04	3.50451e+01	1.12647e-10	1.21598e-08	1.92604e-03	1.01206e+04	2.81829e+02
2.75649e+02	1.99370e+04	4.98072e+01	1.60097e-10	1.33236e-08	2.49823e-03	1.03077e+04	2.75649e+02
2.69796e+02	2.16852e+04	8.99953e+01	2.89275e-10	1.44920e-08	4.15007e-03	1.04911e+04	2.69796e+02
2.64420e+02	2.33100e+04	2.37212e+02	7.62478e-10	1.55778e-08	1.01764e-02	1.06699e+04	2.64420e+02
2.59660e+02	2.43956e+04	6.69653e+02	2.15249e-09	1.63033e-08	2.74497e-02	1.08432e+04	2.59660e+02
2.56622e+02	2.44861e+04	1.17358e+03	3.77227e-09	1.63638e-08	4.79283e-02	1.09642e+04	2.56622e+02
2.54058e+02	2.39297e+04	1.64176e+03	5.27718e-09	1.59919e-08	6.86077e-02	1.10722e+04	2.54058e+02
2.51673e+02	2.28534e+04	1.97092e+03	6.33519e-09	1.52726e-08	8.62418e-02	1.11786e+04	2.51673e+02
2.49479e+02	2.14934e+04	2.11397e+03	6.79500e-09	1.43637e-08	9.83545e-02	1.12825e+04	2.49479e+02
2.47252e+02	1.98613e+04	2.10050e+03	6.75172e-09	1.32730e-08	1.05758e-01	1.13959e+04	2.47252e+02
2.44446e+02	1.78214e+04	1.93979e+03	6.23513e-09	1.19098e-08	1.08846e-01	1.15494e+04	2.44446e+02
2.42697e+02	1.66275e+04	1.80161e+03	5.79097e-09	1.11119e-08	1.08351e-01	1.16523e+04	2.42697e+02
2.41037e+02	1.55604e+04	1.66444e+03	5.35007e-09	1.03988e-08	1.06966e-01	1.17547e+04	2.41037e+02
2.39456e+02	1.46354e+04	1.53906e+03	4.94707e-09	9.78063e-09	1.05160e-01	1.18574e+04	2.39456e+02
2.37937e+02	1.38020e+04	1.42512e+03	4.58082e-09	9.22366e-09	1.03255e-01	1.19618e+04	2.37937e+02
2.36497e+02	1.30684e+04	1.32517e+03	4.25954e-09	8.73343e-09	1.01403e-01	1.20659e+04	2.36497e+02
2.35091e+02	1.24449e+04	1.23913e+03	3.98298e-09	8.31675e-09	9.95695e-02	1.21738e+04	2.35091e+02
2.34376e+02	1.20990e+04	1.18035e+03	3.79403e-09	8.08562e-09	9.75572e-02	1.22825e+04	2.34376e+02
2.34623e+02	1.20817e+04	1.16218e+03	3.73564e-09	8.07403e-09	9.61936e-02	1.23960e+04	2.34623e+02
2.34984e+02	1.21140e+04	1.15743e+03	3.72036e-09	8.09565e-09	9.55444e-02	1.25099e+04	2.34984e+02
2.35104e+02	1.20702e+04	1.14455e+03	3.67897e-09	8.06637e-09	9.48243e-02	1.26311e+04	2.35104e+02
2.35017e+02	1.19736e+04	1.12725e+03	3.62337e-09	8.00180e-09	9.41449e-02	1.27617e+04	2.35017e+02
2.34943e+02	1.19000e+04	1.11402e+03	3.58082e-09	7.95260e-09	9.36148e-02	1.28972e+04	2.34943e+02
2.34962e+02	1.18611e+04	1.10477e+03	3.55110e-09	7.92658e-09	9.31428e-02	1.30323e+04	2.34962e+02
2.34995e+02	1.18265e+04	1.09695e+03	3.52595e-09	7.90349e-09	9.27533e-02	1.31976e+04	2.34995e+02
2.34982e+02	1.17839e+04	1.08876e+03	3.49963e-09	7.87499e-09	9.23941e-02	1.33630e+04	2.34982e+02
2.34978e+02	1.17467e+04	1.08066e+03	3.47361e-09	7.85013e-09	9.19975e-02	1.35281e+04	2.34978e+02
2.34981e+02	1.17215e+04	1.07608e+03	3.45887e-09	7.83333e-09	9.18035e-02	1.36933e+04	2.34981e+02
2.34983e+02	1.16947e+04	1.07034e+03	3.44042e-09	7.81538e-09	9.15235e-02	1.38583e+04	2.34983e+02
2.34988e+02	1.16718e+04	1.06650e+03	3.42807e-09	7.80012e-09	9.13736e-02	1.40242e+04	2.34988e+02
2.34984e+02	1.16491e+04	1.06105e+03	3.41058e-09	7.78493e-09	9.10846e-02	1.41908e+04	2.34984e+02
2.34994e+02	1.16312e+04	1.05784e+03	3.40026e-09	7.77296e-09	9.09488e-02	1.43569e+04	2.34994e+02
2.34986e+02	1.16135e+04	1.05323e+03	3.38542e-09	7.76111e-09	9.06902e-02	1.45230e+04	2.34986e+02
2.34986e+02	1.15954e+04	1.04974e+03	3.37421e-09	7.74905e-09	9.05307e-02	1.46891e+04	2.34986e+02
2.34987e+02	1.15812e+04	1.04678e+03	3.36469e-09	7.73957e-09	9.03856e-02	1.48554e+04	2.34987e+02
2.34995e+02	1.15676e+04	1.04376e+03	3.35498e-09	7.73048e-09	9.02307e-02	1.50271e+04	2.34995e+02
2.34999e+02	1.15625e+04	1.04230e+03	3.35032e-09	7.72704e-09	9.01455e-02	1.51930e+04	2.34999e+02
2.34985e+02	1.15466e+04	1.03911e+03	3.34006e-09	7.71645e-09	8.99930e-02	1.53591e+04	2.34985e+02
2.34988e+02	1.15403e+04	1.03694e+03	3.33307e-09	7.71222e-09	8.98540e-02	1.55243e+04	2.34988e+02
2.34985e+02	1.15283e+04	1.03498e+03	3.32677e-09	7.70419e-09	8.97774e-02	1.56902e+04	2.34985e+02
2.34995e+02	1.15223e+04	1.03335e+03	3.32152e-09	7.70017e-09	8.96825e-02	1.58551e+04	2.34995e+02
2.34989e+02	1.15125e+04	1.03102e+03	3.31404e-09	7.69368e-09	8.95560e-02	1.60210e+04	2.34989e+02
2.34991e+02	1.15096e+04	1.03007e+03	3.31098e-09	7.69171e-09	8.94962e-02	1.61876e+04	2.34991e+02
2.34990e+02	1.15003e+04	1.02830e+03	3.30530e-09	7.68551e-09	8.94148e-02	1.63540e+04	2.34990e+02
2.34991e+02	1.14871e+04	1.02547e+03	3.29621e-09	7.67664e-09	8.92721e-02	1.65192e+04	2.34991e+02
2.34988e+02	1.14865e+04	1.02462e+03	3.29348e-09	7.67627e-09	8.92023e-02	1.66857e+04	2.34988e+02
2.34986e+02	1.14811e+04	1.02392e+03	3.29121e-09	7.67264e-09	8.91832e-02	1.68524e+04	2.34986e+02
2.35001e+02	1.14771e+04	1.02263e+03	3.28707e-09	7.66997e-09	8.91019e-02	1.70178e+04	2.35001e+02
2.34983e+02	1.14696e+04	1.02101e+03	3.28187e-09	7.66496e-09	8.90191e-02	1.71848e+04	2.34983e+02
2.34990e+02	1.14642e+04	1.01977e+03	3.27789e-09	7.66134e-09	8.89532e-02	1.73510e+04	2.34990e+02
2.34999e+02	1.14646e+04	1.01957e+03	3.27724e-09	7.66163e-09	8.89321e-02	1.75176e+04	2.34999e+02
2.34996e+02	1.14559e+04	1.01753e+03	3.27067e-09	7.65582e-09	8.88211e-02	1.76834e+04	2.34996e+02
2.34975e+02	1.14480e+04	1.01666e+03	3.26788e-09	7.65056e-09	8.88066e-02	1.78497e+04	2.34975e+02
2.35005e+02	1.14539e+04	1.01656e+03	3.26757e-09	7.65447e-09	8.87526e-02	1.80148e+04	2.35005e+02
2.34995e+02	1.14469e+04	1.01463e+03	3.26137e-09	7.64980e-09	8.86383e-02	1.81810e+04	2.34995e+02
2.35013e+02	1.14483e+04	1.01425e+03	3.26015e-09	7.65076e-09	8.85940e-02	1.83460e+04	2.35013e+02
2.34990e+02	1.14357e+04	1.01253e+03	3.25461e-09	7.64230e-09	8.85414e-02	1.85111e+04	2.34990e+02
2.35000e+02	1.14411e+04	1.01336e+03	3.25727e-09	7.64595e-09	8.85715e-02	1.86778e+04	2.35000e+02
2.34988e+02	1.14299e+04	1.01037e+03	3.24768e-09	7.63847e-09	8.83971e-02	1.88431e+04	2.34988e+02
2.35001e+02	1.14317e+04	1.01048e+03	3.24803e-09	7.63963e-09	8.83933e-02	1.90096e+04	2.35001e+02
2.34995e+02	1.14312e+04	1.01019e+03	3.24710e-09	7.63929e-09	8.83719e-02	1.91751e+04	2.34995e+02
2.34989e+02	1.14235e+04	1.00866e+03	3.24218e-09	7.63419e-09	8.82969e-02	1.93405e+04	2.34989e+02
2.34997e+02	1.14195e+04	1.00767e+03	3.23897e-09	7.63151e-09	8.82407e-02	1.95058e+04	2.34997e+02
2.34999e+02	1.14224e+04	1.00872e+03	3.24236e-09	7.63343e-09	8.83105e-02	1.96729e+04	2.34999e+02
2.35002e+02	1.14221e+04	1.00762e+03	3.23884e-09	7.63324e-09	8.82169e-02	1.98392e+04	2.35002e+02
2.35008e+02	1.14244e+04	1.00756e+03	3.23863e-09	7.63477e-09	8.81937e-02	2.00041e+04	2.35008e+02
2.34992e+02	1.14186e+04	1.00663e+03	3.23564e-09	7.63089e-09	8.81569e-02	2.01701e+04	2.34992e+02
2.35006e+02	1.14211e+04	1.00581e+03	3.23302e-09	7.63255e-09	8.80664e-02	2.03356e+04	2.35006e+02
2.34983e+02	1.14109e+04	1.00471e+03	3.22948e-09	7.62574e-09	8.80485e-02	2.05023e+04	2.34983e+02
2.35017e+02	1.14188e+04	1.00496e+03	3.23029e-09	7.63101e-09	8.80097e-02	2.06678e+04	2.35017e+02
2.34994e+02	1.14087e+04	1.00384e+03	3.22667e-09	7.62430e-09	8.79886e-02	2.08334e+04	2.34994e+02
2.34997e+02	1.14100e+04	1.00377e+03	3.22645e-09	7.62517e-09	8.79726e-02	2.10009e+04	2.34997e+02
2.35000e+02	1.14077e+04	1.00248e+03	3.22230e-09	7.62361e-09	8.78773e-02	2.11670e+04	2.35000e+02
2.34997e+02	1.14076e+04	1.00258e+03	3.22263e-09	7.62355e-09	8.78870e-02	2.13338e+04	2.34997e+02
2.34994e+02	1.14039e+04	1.00151e+03	3.21919e-09	7.62105e-09	8.78219e-02	2.15001e+04	2.34994e+02
2.34997e+02	1.14035e+04	1.00123e+03	3.21829e-09	7.62082e-09	8.78002e-02	2.16659e+04	2.34997e+02
2.34938e+02	1.13806e+04	9.98543e+02	3.20965e-09	7.60551e-09	8.77407e-02	2.18334e+04	2.34938e+02
2.34806e+02	1.13349e+04	9.94298e+02	3.19601e-09	7.57495e-09	8.77202e-02	2.20008e+04	2.34806e+02
2.34660e+02	1.12819e+04	9.87964e+02	3.17565e-09	7.53952e-09	8.75710e-02	2.21666e+04	2.34660e+02
2.34530e+02	1.12368e+04	9.83717e+02	3.16200e-09	7.50940e-09	8.75442e-02	2.23335e+04	2.34530e+02
2.34363e+02	1.11793e+04	9.78266e+02	3.14447e-09	7.47099e-09	8.75067e-02	2.24992e+04	2.34363e+02
2.34224e+02	1.11354e+04	9.74726e+02	3.13310e-09	7.44164e-09	8.75340e-02	2.26651e+04	2.34224e+02
2.34102e+02	1.10934e+04	9.71153e+02	3.12161e-09	7.41354e-09	8.75437e-02	2.28314e+04	2.34102e+02
2.33940e+02	1.10371e+04	9.66034e+02	3.10515e-09	7.37597e-09	8.75257e-02	2.29985e+04	2.33940e+02
2.33793e+02	1.09917e+04	9.62241e+02	3.09297e-09	7.34560e-09	8.75426e-02	2.31639e+04	2.33793e+02
2.33672e+02	1.09491e+04	9.58375e+02	3.08054e-09	7.31715e-09	8.75298e-02	2.33281e+04	2.33672e+02
2.33529e+02	1.09043e+04	9.54831e+02	3.06914e-09	7.28717e-09	8.75649e-02	2.34925e+04	2.33529e+02
2.33395e+02	1.08595e+04	9.50347e+02	3.05473e-09	7.25723e-09	8.75132e-02	2.36562e+04	2.33395e+02
2.33247e+02	1.08136e+04	9.46396e+02	3.04203e-09	7.22658e-09	8.75190e-02	2.38214e+04	2.33247e+02
2.33109e+02	1.07633e+04	9.42017e+02	3.02796e-09	7.19295e-09	8.75213e-02	2.39866e+04	2.33109e+02
2.32975e+02	1.07179e+04	9.37455e+02	3.01329e-09	7.16263e-09	8.74662e-02	2.41494e+04	2.32975e+02
2.32822e+02	1.06695e+04	9.33768e+02	3.00144e-09	7.13030e-09	8.75173e-02	2.43118e+04	2.32822e+02
2.32686e+02	1.06228e+04	9.28189e+02	2.98351e-09	7.09907e-09	8.73770e-02	2.44741e+04	2.32686e+02
2.32552e+02	1.05807e+04	9.24579e+02	2.97190e-09	7.07095e-09	8.73833e-02	2.46367e+04	2.32552e+02
2.32416e+02	1.05344e+04	9.19528e+02	2.95567e-09	7.04001e-09	8.72879e-02	2.47993e+04	2.32416e+02
2.32301e+02	1.04906e+04	9.14444e+02	2.93933e-09	7.01075e-09	8.71676e-02	2.49622e+04	2.32301e+02
2.32149e+02	1.04449e+04	9.09837e+02	2.92452e-09	6.98016e-09	8.71086e-02	2.51225e+04	2.32149e+02
2.32007e+02	1.03995e+04	9.05971e+02	2.91209e-09	6.94986e-09	8.71166e-02	2.52878e+04	2.32007e+02
2.31869e+02	1.03492e+04	9.00077e+02	2.89315e-09	6.91623e-09	8.69707e-02	2.54535e+04	2.31869e+02
2.31731e+02	1.03076e+04	8.95282e+02	2.87773e-09	6.88840e-09	8.68568e-02	2.56201e+04	2.31731e+02
2.31599e+02	1.02619e+04	8.90074e+02	2.86100e-09	6.85790e-09	8.67357e-02	2.57866e+04	2.31599e+02
2.31442e+02	1.02119e+04	8.85703e+02	2.84694e-09	6.82445e-09	8.67327e-02	2.59533e+04	2.31442e+02
2.31301e+02	1.01645e+04	8.80542e+02	2.83036e-09	6.79282e-09	8.66288e-02	2.61200e+04	2.31301e+02
2.31171e+02	1.01221e+04	8.74493e+02	2.81091e-09	6.76448e-09	8.63943e-02	2.62864e+04	2.31171e+02
2.31035e+02	1.00791e+04	8.70027e+02	2.79656e-09	6.73570e-09	8.63203e-02	2.64531e+04	2.31035e+02
2.30894e+02	1.00344e+04	8.64569e+02	2.77901e-09	6.70583e-09	8.61608e-02	2.66196e+04	2.30894e+02
2.30762e+02	9.98951e+03	8.59790e+02	2.76365e-09	6.67585e-09	8.60693e-02	2.67761e+04	2.30762e+02
2.30626e+02	9.94794e+03	8.54932e+02	2.74804e-09	6.64807e-09	8.59406e-02	2.69323e+04	2.30626e+02
2.30504e+02	9.90730e+03	8.51263e+02	2.73624e-09	6.62091e-09	8.59228e-02	2.70887e+04	2.30504e+02
2.30370e+02	9.86644e+03	8.45495e+02	2.71770e-09	6.59360e-09	8.56940e-02	2.72456e+04	2.30370e+02
2.30242e+02	9.82672e+03	8.40962e+02	2.70313e-09	6.56706e-09	8.55791e-02	2.74022e+04	2.30242e+02
2.30101e+02	9.78619e+03	8.36476e+02	2.68871e-09	6.53998e-09	8.54751e-02	2.75596e+04	2.30101e+02
2.29974e+02	9.74359e+03	8.31370e+02	2.67230e-09	6.51151e-09	8.53248e-02	2.77169e+04	2.29974e+02
2.29942e+02	9.72837e+03	8.28494e+02	2.66306e-09	6.50133e-09	8.51627e-02	2.78746e+04	2.29942e+02
2.30004e+02	9.73476e+03	8.26741e+02	2.65742e-09	6.50561e-09	8.49267e-02	2.80326e+04	2.30004e+02
2.30012e+02	9.73035e+03	8.24722e+02	2.65093e-09	6.50266e-09	8.47576e-02	2.81896e+04	2.30012e+02
2.29989e+02	9.72033e+03	8.22568e+02	2.64401e-09	6.49596e-09	8.46235e-02	2.83467e+04	2.29989e+02
2.29988e+02	9.71451e+03	8.20790e+02	2.63829e-09	6.49207e-09	8.44912e-02	2.85042e+04	2.29988e+02
2.30001e+02	9.71569e+03	8.19232e+02	2.63328e-09	6.49286e-09	8.43205e-02	2.86613e+04	2.30001e+02
2.30001e+02	9.70941e+03	8.17604e+02	2.62805e-09	6.48867e-09	8.42074e-02	2.88187e+04	2.30001e+02
2.30001e+02	9.70588e+03	8.16599e+02	2.62482e-09	6.48631e-09	8.41345e-02	2.89760e+04	2.30001e+02
2.29991e+02	9.69899e+03	8.14718e+02	2.61878e-09	6.48170e-09	8.40003e-02	2.91337e+04	2.29991e+02
2.29997e+02	9.69607e+03	8.13667e+02	2.61540e-09	6.47975e-09	8.39172e-02	2.92913e+04	2.29997e+02
2.29994e+02	9.69215e+03	8.12011e+02	2.61007e-09	6.47713e-09	8.37802e-02	2.94483e+04	2.29994e+02
2.29999e+02	9.69037e+03	8.11400e+02	2.60811e-09	6.47594e-09	8.37326e-02	2.96060e+04	2.29999e+02
2.29924e+02	9.66226e+03	8.08154e+02	2.59768e-09	6.45715e-09	8.36403e-02	2.97631e+04	2.29924e+02
2.28875e+02	9.41639e+03	7.99125e+02	2.56865e-09	6.29285e-09	8.48653e-02	2.99204e+04	2.28875e+02
2.27557e+02	9.14464e+03	7.92946e+02	2.54879e-09	6.11124e-09	8.67116e-02	3.00779e+04	2.27557e+02
2.26361e+02	8.87543e+03	7.76815e+02	2.49694e-09	5.93133e-09	8.75242e-02	3.02222e+04	2.26361e+02
2.25437e+02	8.66438e+03	7.53375e+02	2.42160e-09	5.79029e-09	8.69509e-02	3.03679e+04	2.25437e+02
2.27523e+02	9.13400e+03	7.89575e+02	2.53796e-09	6.10412e-09	8.64435e-02	3.05321e+04	2.27523e+02
2.29810e+02	9.76888e+03	8.61511e+02	2.76918e-09	6.52841e-09	8.81893e-02	3.06692e+04	2.29810e+02
2.32048e+02	1.05449e+04	9.68931e+02	3.11447e-09	7.04699e-09	9.18866e-02	3.08046e+04	2.32048e+02
2.34015e+02	1.13332e+04	1.08273e+03	3.48027e-09	7.57385e-09	9.55362e-02	3.09233e+04	2.34015e+02
2.35848e+02	1.21348e+04	1.19502e+03	3.84118e-09	8.10954e-09	9.84781e-02	3.10356e+04	2.35848e+02
2.37582e+02	1.29821e+04	1.32374e+03	4.25493e-09	8.67579e-09	1.01966e-01	3.11411e+04	2.37582e+02
2.39271e+02	1.38988e+04	1.45674e+03	4.68246e-09	9.28838e-09	1.04811e-01	3.12442e+04	2.39271e+02
2.40963e+02	1.48737e+04	1.58753e+03	5.10285e-09	9.93992e-09	1.06734e-01	3.13472e+04	2.40963e+02
2.42647e+02	1.59191e+04	1.72106e+03	5.53207e-09	1.06385e-08	1.08113e-01	3.14497e+04	2.42647e+02
2.44325e+02	1.70611e+04	1.85749e+03	5.97060e-09	1.14017e-08	1.08873e-01	3.15528e+04	2.44325e+02
2.46041e+02	1.83067e+04	1.98556e+03	6.38225e-09	1.22341e-08	1.08461e-01	3.16567e+04	2.46041e+02
2.48427e+02	2.01176e+04	2.10184e+03	6.75603e-09	1.34443e-08	1.04478e-01	3.18019e+04	2.48427e+02
2.50573e+02	2.16824e+04	2.08580e+03	6.70445e-09	1.44901e-08	9.61976e-02	3.19322e+04	2.50573e+02
2.52470e+02	2.28764e+04	1.93585e+03	6.22248e-09	1.52880e-08	8.46223e-02	3.20482e+04	2.52470e+02
2.54298e+02	2.37420e+04	1.67359e+03	5.37949e-09	1.58665e-08	7.04908e-02	3.21586e+04	2.54298e+02
2.56082e+02	2.42589e+04	1.34172e+03	4.31274e-09	1.62119e-08	5.53084e-02	3.22676e+04	2.56082e+02
2.57936e+02	2.44399e+04	9.86190e+02	3.16994e-09	1.63329e-08	4.03516e-02	3.23803e+04	2.57936e+02
2.59868e+02	2.42970e+04	6.61264e+02	2.12552e-09	1.62373e-08	2.72159e-02	3.24988e+04	2.59868e+02
2.62795e+02	2.36659e+04	3.36373e+02	1.08122e-09	1.58156e-08	1.42134e-02	3.26760e+04	2.62795e+02
2.65735e+02	2.27917e+04	1.73481e+02	5.57626e-10	1.52314e-08	7.61158e-03	3.28551e+04	2.65735e+02
2.68834e+02	2.17869e+04	9.69621e+01	3.11669e-10	1.45599e-08	4.45048e-03	3.30378e+04	2.68834e+02
2.71894e+02	2.08030e+04	6.47887e+01	2.08253e-10	1.39024e-08	3.11439e-03	3.32221e+04	2.71894e+02
2.74910e+02	1.98531e+04	4.85000e+01	1.55895e-10	1.32675e-08	2.44294e-03	3.34060e+04	2.74910e+02
2.78134e+02	1.88731e+04	3.97362e+01	1.27725e-10	1.26127e-08	2.10544e-03	3.35925e+04	2.78134e+02
2.81224e+02	1.79765e+04	3.30706e+01	1.06300e-10	1.20134e-08	1.83966e-03	3.37797e+04	2.81224e+02
2.84270e+02	1.71179e+04	2.90400e+01	9.33441e-11	1.14397e-08	1.69647e-03	3.39664e+04	2.84270e+02
2.87427e+02	1.62643e+04	2.51969e+01	8.09912e-11	1.08692e-08	1.54922e-03	3.41566e+04	2.87427e+02
2.90637e+02	1.54325e+04	2.21026e+01	7.10451e-11	1.03133e-08	1.43221e-03	3.43431e+04	2.90637e+02
2.93685e+02	1.46713e+04	1.94130e+01	6.24000e-11	9.80460e-09	1.32320e-03	3.45286e+04	2.93685e+02
2.96710e+02	1.39568e+04	1.74429e+01	5.60673e-11	9.32713e-09	1.24978e-03	3.47136e+04	2.96710e+02