PMN_25um, 20.5.2021, 17:50
Fixed value(s) :  Freq. [Hz]=1.172e+06  AC Volt  [Vrms]=1.000e-01
 Temp. [K]	 Eps'    	 Eps''   	 Sig' [S/cm]	Tan(Delta)  	 Zp' [Ohms]	 Sig'' [S/cm]	M Time M[s]	  Cp' [F]
2.99669e+02	4.09085e+03	4.24622e+03	2.76830e-03	1.03798e+00	2.87460e+01	-2.66635e-03	5.66411e+00	4.55169e-09
3.04526e+02	4.85472e+03	3.95006e+03	2.57522e-03	8.13654e-01	3.09012e+01	-3.16435e-03	1.93665e+02	5.40161e-09
3.10554e+02	4.77499e+03	3.66428e+03	2.38890e-03	7.67390e-01	3.33113e+01	-3.11237e-03	3.77853e+02	5.31290e-09
3.15638e+02	4.58623e+03	3.44659e+03	2.24699e-03	7.51509e-01	3.54152e+01	-2.98931e-03	5.62353e+02	5.10288e-09
3.20886e+02	4.53778e+03	3.18124e+03	2.07399e-03	7.01055e-01	3.83693e+01	-2.95773e-03	7.40587e+02	5.04897e-09
3.26282e+02	4.13790e+03	3.02974e+03	1.97522e-03	7.32193e-01	4.02878e+01	-2.69703e-03	9.08029e+02	4.60404e-09
3.31537e+02	4.12967e+03	2.76045e+03	1.79966e-03	6.68443e-01	4.42181e+01	-2.69166e-03	1.06569e+03	4.59488e-09
3.36849e+02	3.45084e+03	2.71894e+03	1.77260e-03	7.87907e-01	4.48931e+01	-2.24910e-03	1.22334e+03	3.83958e-09
3.42278e+02	2.44995e+03	2.59006e+03	1.68858e-03	1.05719e+00	4.71270e+01	-1.59658e-03	1.38566e+03	2.72594e-09
3.47729e+02	1.09766e+03	1.94967e+03	1.27107e-03	1.77620e+00	6.26065e+01	-7.14964e-04	1.54679e+03	1.22132e-09
3.53013e+02	2.75151e+02	7.17950e+02	4.68064e-04	2.60929e+00	1.70014e+02	-1.78731e-04	1.70466e+03	3.06148e-10
3.58182e+02	4.62920e+02	1.12017e+03	7.30288e-04	2.41979e+00	1.08967e+02	-3.01146e-04	1.85907e+03	5.15069e-10
3.63320e+02	4.64719e+02	1.08746e+03	7.08965e-04	2.34004e+00	1.12245e+02	-3.02319e-04	2.01510e+03	5.17070e-10
3.67992e+02	4.19836e+02	9.82738e+02	6.40691e-04	2.34077e+00	1.24206e+02	-2.73057e-04	2.15328e+03	4.67131e-10
3.72576e+02	4.42515e+02	9.89334e+02	6.44991e-04	2.23571e+00	1.23378e+02	-2.87843e-04	2.29007e+03	4.92365e-10
3.76772e+02	2.24463e+02	4.29442e+02	2.79972e-04	1.91320e+00	2.84234e+02	-1.45685e-04	2.41620e+03	2.49749e-10
3.81284e+02	1.91967e+02	1.97244e+01	1.28592e-05	1.02749e-01	6.18837e+03	-1.24500e-04	2.55147e+03	2.13592e-10
3.85288e+02	1.93026e+02	1.94212e+01	1.26615e-05	1.00614e-01	6.28498e+03	-1.25190e-04	2.67346e+03	2.14770e-10
3.89290e+02	1.94642e+02	1.99142e+01	1.29829e-05	1.02312e-01	6.12939e+03	-1.26244e-04	2.79370e+03	2.16568e-10
3.93360e+02	1.98358e+02	1.99597e+01	1.30126e-05	1.00625e-01	6.11541e+03	-1.28666e-04	2.91585e+03	2.20703e-10
3.97315e+02	2.00265e+02	2.15266e+01	1.40341e-05	1.07490e-01	5.67028e+03	-1.29910e-04	3.03410e+03	2.22825e-10
4.01258e+02	2.01432e+02	2.28515e+01	1.48979e-05	1.13445e-01	5.34152e+03	-1.30671e-04	3.15266e+03	2.24124e-10
4.05874e+02	2.01690e+02	2.36712e+01	1.54323e-05	1.17364e-01	5.15656e+03	-1.30839e-04	3.28954e+03	2.24411e-10
4.10329e+02	1.87439e+02	2.82350e+01	1.84076e-05	1.50636e-01	4.32307e+03	-1.21548e-04	3.42391e+03	2.08554e-10
4.14706e+02	1.80170e+02	2.35803e+01	1.53730e-05	1.30878e-01	5.17644e+03	-1.16809e-04	3.55479e+03	2.00467e-10
4.18939e+02	1.79842e+02	2.42621e+01	1.58176e-05	1.34908e-01	5.03096e+03	-1.16595e-04	3.68444e+03	2.00102e-10
4.22952e+02	1.74256e+02	2.68757e+01	1.75215e-05	1.54231e-01	4.54172e+03	-1.12953e-04	3.80286e+03	1.93886e-10
4.26767e+02	1.93013e+02	2.89061e+01	1.88452e-05	1.49762e-01	4.22270e+03	-1.25182e-04	3.91734e+03	2.14756e-10
4.30707e+02	1.74491e+02	2.55473e+01	1.66554e-05	1.46411e-01	4.77787e+03	-1.13106e-04	4.03458e+03	1.94148e-10
4.34485e+02	1.92790e+02	2.86435e+01	1.86740e-05	1.48574e-01	4.26141e+03	-1.25036e-04	4.15047e+03	2.14508e-10
4.38417e+02	1.84273e+02	3.37949e+01	2.20324e-05	1.83395e-01	3.61184e+03	-1.19484e-04	4.26502e+03	2.05032e-10
4.42103e+02	1.79128e+02	3.28137e+01	2.13927e-05	1.83186e-01	3.71985e+03	-1.16129e-04	4.37789e+03	1.99307e-10
4.45696e+02	1.83297e+02	3.41965e+01	2.22942e-05	1.86564e-01	3.56942e+03	-1.18847e-04	4.48651e+03	2.03946e-10
4.49242e+02	1.86809e+02	3.21493e+01	2.09596e-05	1.72097e-01	3.79671e+03	-1.21137e-04	4.59615e+03	2.07853e-10
4.50718e+02	1.99140e+02	2.74689e+01	1.79082e-05	1.37937e-01	4.44364e+03	-1.29176e-04	4.70454e+03	2.21574e-10
4.50395e+02	1.85713e+02	3.18622e+01	2.07724e-05	1.71568e-01	3.83092e+03	-1.20422e-04	4.81311e+03	2.06633e-10
4.49998e+02	1.85311e+02	3.18601e+01	2.07710e-05	1.71928e-01	3.83118e+03	-1.20160e-04	4.92312e+03	2.06187e-10
4.49927e+02	1.84907e+02	3.17897e+01	2.07251e-05	1.71923e-01	3.83966e+03	-1.19897e-04	5.03276e+03	2.05737e-10
4.50005e+02	1.84498e+02	3.16583e+01	2.06394e-05	1.71591e-01	3.85560e+03	-1.19631e-04	5.14273e+03	2.05282e-10
4.50027e+02	1.83537e+02	3.12910e+01	2.04000e-05	1.70489e-01	3.90086e+03	-1.19004e-04	5.25292e+03	2.04212e-10
4.50022e+02	1.82532e+02	3.07749e+01	2.00635e-05	1.68600e-01	3.96628e+03	-1.18349e-04	5.36317e+03	2.03095e-10
4.50029e+02	1.81461e+02	3.01681e+01	1.96679e-05	1.66251e-01	4.04606e+03	-1.17651e-04	5.47404e+03	2.01903e-10
4.49962e+02	1.80673e+02	2.96727e+01	1.93449e-05	1.64234e-01	4.11361e+03	-1.17137e-04	5.58487e+03	2.01026e-10
4.49978e+02	1.79634e+02	2.87518e+01	1.87446e-05	1.60058e-01	4.24536e+03	-1.16459e-04	5.69568e+03	1.99870e-10
4.50024e+02	1.79131e+02	2.81068e+01	1.83241e-05	1.56907e-01	4.34278e+03	-1.16131e-04	5.80628e+03	1.99310e-10
4.50051e+02	1.78433e+02	2.72128e+01	1.77412e-05	1.52510e-01	4.48545e+03	-1.15676e-04	5.91753e+03	1.98533e-10
4.50001e+02	1.78172e+02	2.69118e+01	1.75450e-05	1.51045e-01	4.53561e+03	-1.15506e-04	6.02840e+03	1.98243e-10
4.49986e+02	1.78042e+02	2.69301e+01	1.75569e-05	1.51257e-01	4.53254e+03	-1.15422e-04	6.13966e+03	1.98099e-10
4.50000e+02	1.77994e+02	2.69382e+01	1.75622e-05	1.51343e-01	4.53117e+03	-1.15390e-04	6.25081e+03	1.98046e-10
4.49962e+02	1.77903e+02	2.68528e+01	1.75065e-05	1.50940e-01	4.54559e+03	-1.15331e-04	6.36116e+03	1.97944e-10
4.49109e+02	1.77272e+02	2.68553e+01	1.75081e-05	1.51492e-01	4.54517e+03	-1.14919e-04	6.47260e+03	1.97242e-10
4.47246e+02	1.76107e+02	2.69238e+01	1.75528e-05	1.52883e-01	4.53360e+03	-1.14160e-04	6.58380e+03	1.95946e-10
4.45362e+02	1.75122e+02	2.70671e+01	1.76462e-05	1.54561e-01	4.50960e+03	-1.13518e-04	6.69971e+03	1.94850e-10
4.43485e+02	1.73614e+02	2.73552e+01	1.78340e-05	1.57563e-01	4.46211e+03	-1.12535e-04	6.81405e+03	1.93172e-10
4.41661e+02	1.83825e+02	3.07041e+01	2.00173e-05	1.67029e-01	3.97543e+03	-1.19192e-04	6.92591e+03	2.04533e-10
4.39831e+02	1.73991e+02	2.77097e+01	1.80652e-05	1.59259e-01	4.40502e+03	-1.12781e-04	7.03841e+03	1.93591e-10
4.37964e+02	1.73078e+02	2.65717e+01	1.73233e-05	1.53525e-01	4.59367e+03	-1.12185e-04	7.15057e+03	1.92576e-10
4.36129e+02	1.82741e+02	2.84237e+01	1.85307e-05	1.55541e-01	4.29436e+03	-1.18485e-04	7.26364e+03	2.03327e-10
4.34218e+02	1.81442e+02	2.78510e+01	1.81573e-05	1.53498e-01	4.38268e+03	-1.17638e-04	7.38084e+03	2.01882e-10
4.32315e+02	1.84628e+02	2.45014e+01	1.59735e-05	1.32707e-01	4.98183e+03	-1.19715e-04	7.49600e+03	2.05426e-10
4.30415e+02	1.85267e+02	2.15506e+01	1.40498e-05	1.16322e-01	5.66396e+03	-1.20132e-04	7.61502e+03	2.06138e-10
4.28465e+02	1.84060e+02	2.12614e+01	1.38613e-05	1.15514e-01	5.74100e+03	-1.19345e-04	7.73329e+03	2.04795e-10
4.26534e+02	1.83859e+02	1.88965e+01	1.23194e-05	1.02777e-01	6.45950e+03	-1.19214e-04	7.85039e+03	2.04571e-10
4.24305e+02	1.82862e+02	1.75891e+01	1.14671e-05	9.61877e-02	6.93962e+03	-1.18564e-04	7.97807e+03	2.03462e-10
4.21954e+02	1.81846e+02	1.65697e+01	1.08025e-05	9.11189e-02	7.36658e+03	-1.17902e-04	8.10177e+03	2.02332e-10
4.19861e+02	1.80914e+02	1.58751e+01	1.03497e-05	8.77494e-02	7.68888e+03	-1.17294e-04	8.23017e+03	2.01294e-10
4.17766e+02	1.79982e+02	1.53991e+01	1.00394e-05	8.55590e-02	7.92654e+03	-1.16687e-04	8.35975e+03	2.00258e-10
4.15439e+02	1.79013e+02	1.47070e+01	9.58812e-06	8.21557e-02	8.29959e+03	-1.16055e-04	8.50131e+03	1.99179e-10
4.13167e+02	1.78196e+02	1.39156e+01	9.07221e-06	7.80915e-02	8.77157e+03	-1.15522e-04	8.64085e+03	1.98270e-10
4.11053e+02	1.77420e+02	1.33340e+01	8.69300e-06	7.51548e-02	9.15420e+03	-1.15016e-04	8.76796e+03	1.97407e-10
4.08961e+02	1.77099e+02	1.28029e+01	8.34678e-06	7.22924e-02	9.53391e+03	-1.14807e-04	8.89538e+03	1.97049e-10
4.06868e+02	1.76463e+02	1.22686e+01	7.99847e-06	6.95253e-02	9.94908e+03	-1.14392e-04	9.02291e+03	1.96342e-10
4.04803e+02	1.75885e+02	1.18378e+01	7.71761e-06	6.73044e-02	1.03112e+04	-1.14015e-04	9.14925e+03	1.95699e-10
4.02704e+02	1.75364e+02	1.12328e+01	7.32317e-06	6.40542e-02	1.08665e+04	-1.13676e-04	9.27739e+03	1.95119e-10
4.00604e+02	1.74895e+02	1.06625e+01	6.95134e-06	6.09651e-02	1.14478e+04	-1.13370e-04	9.40364e+03	1.94597e-10
3.98638e+02	1.74468e+02	1.02364e+01	6.67353e-06	5.86717e-02	1.19243e+04	-1.13092e-04	9.52575e+03	1.94122e-10
3.96211e+02	1.74020e+02	9.70298e+00	6.32580e-06	5.57579e-02	1.25798e+04	-1.12799e-04	9.65800e+03	1.93623e-10
3.93998e+02	1.73674e+02	9.30351e+00	6.06537e-06	5.35687e-02	1.31200e+04	-1.12574e-04	9.78689e+03	1.93239e-10
3.91883e+02	1.73403e+02	8.93847e+00	5.82739e-06	5.15473e-02	1.36558e+04	-1.12397e-04	9.91645e+03	1.92938e-10
3.89803e+02	1.73204e+02	8.61454e+00	5.61620e-06	4.97365e-02	1.41693e+04	-1.12267e-04	1.00445e+04	1.92715e-10
3.87712e+02	1.73048e+02	8.31850e+00	5.42320e-06	4.80704e-02	1.46735e+04	-1.12166e-04	1.01704e+04	1.92543e-10
3.85631e+02	1.72929e+02	8.06058e+00	5.25505e-06	4.66122e-02	1.51430e+04	-1.12088e-04	1.02971e+04	1.92409e-10
3.83530e+02	1.72818e+02	7.83107e+00	5.10542e-06	4.53139e-02	1.55869e+04	-1.12016e-04	1.04261e+04	1.92286e-10
3.81389e+02	1.72725e+02	7.61915e+00	4.96726e-06	4.41115e-02	1.60204e+04	-1.11955e-04	1.05550e+04	1.92182e-10
3.79365e+02	1.72652e+02	7.39484e+00	4.82103e-06	4.28309e-02	1.65063e+04	-1.11908e-04	1.06805e+04	1.92102e-10
3.77236e+02	1.72575e+02	7.18738e+00	4.68577e-06	4.16478e-02	1.69828e+04	-1.11857e-04	1.08064e+04	1.92016e-10
3.75158e+02	1.72500e+02	7.02932e+00	4.58273e-06	4.07498e-02	1.73646e+04	-1.11808e-04	1.09315e+04	1.91932e-10
3.73242e+02	1.72396e+02	6.85450e+00	4.46875e-06	3.97602e-02	1.78075e+04	-1.11741e-04	1.10483e+04	1.91817e-10
3.71224e+02	1.72239e+02	6.69299e+00	4.36345e-06	3.88587e-02	1.82373e+04	-1.11638e-04	1.11655e+04	1.91642e-10
3.69152e+02	1.71837e+02	6.53219e+00	4.25862e-06	3.80139e-02	1.86862e+04	-1.11376e-04	1.12831e+04	1.91195e-10
3.67207e+02	1.71109e+02	6.35238e+00	4.14140e-06	3.71248e-02	1.92151e+04	-1.10901e-04	1.14004e+04	1.90384e-10
3.65308e+02	1.70244e+02	6.16121e+00	4.01676e-06	3.61904e-02	1.98113e+04	-1.10338e-04	1.15184e+04	1.89423e-10
3.63305e+02	1.69340e+02	5.98719e+00	3.90331e-06	3.53561e-02	2.03872e+04	-1.09748e-04	1.16389e+04	1.88416e-10
3.61371e+02	1.68446e+02	5.82419e+00	3.79705e-06	3.45761e-02	2.09577e+04	-1.09165e-04	1.17581e+04	1.87422e-10
3.59421e+02	1.67396e+02	5.66684e+00	3.69446e-06	3.38529e-02	2.15396e+04	-1.08481e-04	1.18756e+04	1.86254e-10
3.57446e+02	1.66022e+02	5.52364e+00	3.60110e-06	3.32704e-02	2.20981e+04	-1.07585e-04	1.19947e+04	1.84725e-10
3.55481e+02	1.62869e+02	4.84010e+00	3.15547e-06	2.97177e-02	2.52189e+04	-1.05530e-04	1.21135e+04	1.81216e-10
3.53439e+02	1.58961e+02	4.58839e+00	2.99138e-06	2.88649e-02	2.66023e+04	-1.02982e-04	1.22314e+04	1.76868e-10
3.51519e+02	1.55575e+02	4.41996e+00	2.88157e-06	2.84104e-02	2.76160e+04	-1.00775e-04	1.23472e+04	1.73101e-10
3.49573e+02	1.53740e+02	4.22272e+00	2.75298e-06	2.74665e-02	2.89060e+04	-9.95783e-05	1.24658e+04	1.71060e-10
3.47662e+02	1.52595e+02	4.00818e+00	2.61311e-06	2.62667e-02	3.04532e+04	-9.88318e-05	1.25831e+04	1.69786e-10
3.45698e+02	1.51368e+02	3.84412e+00	2.50615e-06	2.53959e-02	3.17528e+04	-9.80315e-05	1.27001e+04	1.68420e-10
3.43690e+02	1.50779e+02	3.78029e+00	2.46454e-06	2.50718e-02	3.22890e+04	-9.76474e-05	1.28202e+04	1.67764e-10
3.40342e+02	3.39808e+03	2.64738e+03	1.72595e-03	7.79081e-01	4.61066e+01	-2.21471e-03	1.30216e+04	3.78088e-09
3.37362e+02	2.88190e+03	2.81420e+03	1.83470e-03	9.76508e-01	4.33735e+01	-1.87819e-03	1.31958e+04	3.20655e-09
3.34659e+02	2.36185e+03	2.83573e+03	1.84874e-03	1.20064e+00	4.30442e+01	-1.53915e-03	1.33569e+04	2.62792e-09
3.31919e+02	1.83048e+03	2.71927e+03	1.77281e-03	1.48555e+00	4.48877e+01	-1.19272e-03	1.35251e+04	2.03669e-09
3.29734e+02	1.43378e+02	3.10182e+00	2.02222e-06	2.16338e-02	3.93516e+04	-9.28227e-05	1.36565e+04	1.59530e-10
3.27854e+02	1.43409e+02	2.99260e+00	1.95101e-06	2.08676e-02	4.07878e+04	-9.28426e-05	1.37712e+04	1.59564e-10
3.25842e+02	1.38725e+02	1.10152e+01	7.18127e-06	7.94030e-02	1.10813e+04	-8.97889e-05	1.38875e+04	1.54352e-10
3.23948e+02	1.43556e+02	3.89083e+00	2.53660e-06	2.71032e-02	3.13716e+04	-9.29385e-05	1.40012e+04	1.59728e-10
3.22053e+02	1.43457e+02	4.36440e+00	2.84535e-06	3.04230e-02	2.79676e+04	-9.28742e-05	1.41169e+04	1.59618e-10
3.20196e+02	1.42311e+02	7.39015e+00	4.81797e-06	5.19294e-02	1.65168e+04	-9.21272e-05	1.42309e+04	1.58343e-10
3.18237e+02	1.43265e+02	4.51308e+00	2.94228e-06	3.15016e-02	2.70462e+04	-9.27489e-05	1.43468e+04	1.59404e-10
3.15188e+02	6.62016e+02	5.96454e+01	3.88855e-05	9.00965e-02	2.04646e+03	-4.30946e-04	1.45303e+04	7.36594e-10
3.12236e+02	6.54018e+02	7.52816e+01	4.90794e-05	1.15106e-01	1.62140e+03	-4.25732e-04	1.47059e+04	7.27695e-10
3.09205e+02	6.57443e+02	3.85078e+01	2.51050e-05	5.85721e-02	3.16979e+03	-4.27965e-04	1.48793e+04	7.31506e-10
3.06363e+02	6.56887e+02	3.58798e+01	2.33916e-05	5.46210e-02	3.40196e+03	-4.27602e-04	1.50529e+04	7.30886e-10
3.03508e+02	6.81685e+02	8.00425e+02	5.21832e-04	1.17419e+00	1.52496e+02	-4.43769e-04	1.52255e+04	7.58478e-10
3.00519e+02	4.85205e+03	4.10245e+03	2.67457e-03	8.45509e-01	2.97534e+01	-3.16261e-03	1.54079e+04	5.39864e-09
2.97330e+02	6.45043e+03	3.77021e+03	2.45797e-03	5.84489e-01	3.23753e+01	-4.20467e-03	1.56013e+04	7.17709e-09
2.94130e+02	6.54343e+03	3.88540e+03	2.53307e-03	5.93786e-01	3.14155e+01	-4.26530e-03	1.57938e+04	7.28056e-09
2.90776e+02	6.69827e+03	3.94426e+03	2.57144e-03	5.88848e-01	3.09467e+01	-4.36625e-03	1.59825e+04	7.45284e-09
2.87573e+02	6.78093e+03	3.97568e+03	2.59192e-03	5.86302e-01	3.07021e+01	-4.42014e-03	1.61720e+04	7.54481e-09
2.84467e+02	6.84332e+03	3.95045e+03	2.57547e-03	5.77271e-01	3.08982e+01	-4.46081e-03	1.63606e+04	7.61423e-09
2.81391e+02	6.76383e+03	3.92680e+03	2.56006e-03	5.80559e-01	3.10843e+01	-4.40899e-03	1.65480e+04	7.52578e-09
2.78254e+02	6.63459e+03	3.85298e+03	2.51193e-03	5.80741e-01	3.16798e+01	-4.32473e-03	1.67382e+04	7.38199e-09
2.75160e+02	6.64469e+03	3.62130e+03	2.36088e-03	5.44992e-01	3.37066e+01	-4.33131e-03	1.69255e+04	7.39322e-09
2.72083e+02	6.53771e+03	3.39873e+03	2.21578e-03	5.19865e-01	3.59140e+01	-4.26157e-03	1.71128e+04	7.27419e-09
2.69039e+02	6.37806e+03	3.15628e+03	2.05772e-03	4.94865e-01	3.86727e+01	-4.15749e-03	1.72978e+04	7.09656e-09
2.65953e+02	6.14998e+03	2.92928e+03	1.90973e-03	4.76308e-01	4.16695e+01	-4.00879e-03	1.74841e+04	6.84278e-09
2.62787e+02	5.85959e+03	2.72751e+03	1.77818e-03	4.65477e-01	4.47521e+01	-3.81947e-03	1.76684e+04	6.51968e-09
2.59831e+02	5.53030e+03	2.57839e+03	1.68097e-03	4.66229e-01	4.73403e+01	-3.60480e-03	1.78483e+04	6.15330e-09
2.56852e+02	5.22307e+03	2.41925e+03	1.57721e-03	4.63185e-01	5.04544e+01	-3.40450e-03	1.80281e+04	5.81146e-09
2.53909e+02	4.82509e+03	2.34506e+03	1.52885e-03	4.86014e-01	5.20505e+01	-3.14504e-03	1.82085e+04	5.36865e-09
2.50878e+02	4.59800e+03	2.14824e+03	1.40053e-03	4.67212e-01	5.68194e+01	-2.99699e-03	1.83877e+04	5.11597e-09
2.47922e+02	4.40435e+03	1.94909e+03	1.27070e-03	4.42539e-01	6.26248e+01	-2.87074e-03	1.85657e+04	4.90050e-09
2.44931e+02	4.18444e+03	1.78514e+03	1.16381e-03	4.26613e-01	6.83768e+01	-2.72737e-03	1.87425e+04	4.65582e-09
2.41968e+02	3.93785e+03	1.68002e+03	1.09528e-03	4.26635e-01	7.26548e+01	-2.56660e-03	1.89196e+04	4.38145e-09
2.39064e+02	3.75852e+03	1.53754e+03	1.00239e-03	4.09082e-01	7.93876e+01	-2.44969e-03	1.90958e+04	4.18192e-09
2.36128e+02	3.63834e+03	1.34608e+03	8.77568e-04	3.69970e-01	9.06796e+01	-2.37134e-03	1.92740e+04	4.04820e-09
2.33048e+02	3.46619e+03	1.21488e+03	7.92032e-04	3.50494e-01	1.00473e+02	-2.25911e-03	1.94572e+04	3.85666e-09
2.30200e+02	3.32103e+03	1.08913e+03	7.10054e-04	3.27951e-01	1.12072e+02	-2.16447e-03	1.96299e+04	3.69515e-09
2.27342e+02	3.15990e+03	1.00166e+03	6.53025e-04	3.16990e-01	1.21860e+02	-2.05943e-03	1.98016e+04	3.51587e-09
2.24404e+02	2.95851e+03	9.79768e+02	6.38754e-04	3.31170e-01	1.24582e+02	-1.92813e-03	1.99706e+04	3.29179e-09
2.21899e+02	2.84364e+03	9.04218e+02	5.89500e-04	3.17979e-01	1.34992e+02	-1.85325e-03	2.01220e+04	3.16399e-09
2.19350e+02	5.08865e+02	1.11411e+03	7.26335e-04	2.18939e+00	1.09560e+02	-3.31100e-04	2.02752e+04	5.66190e-10
2.16724e+02	2.25418e+03	1.15400e+03	7.52347e-04	5.11939e-01	1.05772e+02	-1.46895e-03	2.04368e+04	2.50812e-09
2.14112e+02	2.10950e+03	1.12796e+03	7.35366e-04	5.34703e-01	1.08215e+02	-1.37463e-03	2.05951e+04	2.34714e-09
2.11428e+02	2.04247e+03	1.04943e+03	6.84173e-04	5.13807e-01	1.16312e+02	-1.33092e-03	2.07539e+04	2.27256e-09
2.08803e+02	1.97500e+03	9.79413e+02	6.38523e-04	4.95906e-01	1.24627e+02	-1.28694e-03	2.09119e+04	2.19748e-09
2.06235e+02	1.90763e+03	9.17285e+02	5.98019e-04	4.80850e-01	1.33068e+02	-1.24302e-03	2.10685e+04	2.12253e-09
2.03511e+02	1.83978e+03	8.54593e+02	5.57147e-04	4.64508e-01	1.42830e+02	-1.19878e-03	2.12296e+04	2.04703e-09
2.00824e+02	1.77260e+03	7.99285e+02	5.21089e-04	4.50911e-01	1.52714e+02	-1.15498e-03	2.13920e+04	1.97229e-09
1.98019e+02	1.70130e+03	7.47165e+02	4.87110e-04	4.39172e-01	1.63367e+02	-1.10850e-03	2.15520e+04	1.89296e-09
1.95278e+02	1.63045e+03	7.00796e+02	4.56880e-04	4.29818e-01	1.74176e+02	-1.06231e-03	2.17138e+04	1.81412e-09
1.92660e+02	1.57592e+03	6.54013e+02	4.26380e-04	4.15004e-01	1.86635e+02	-1.02676e-03	2.18719e+04	1.75345e-09
1.89919e+02	1.51790e+03	6.11060e+02	3.98377e-04	4.02569e-01	1.99754e+02	-9.88935e-04	2.20401e+04	1.68889e-09
1.87129e+02	1.46260e+03	5.69223e+02	3.71102e-04	3.89186e-01	2.14436e+02	-9.52881e-04	2.22093e+04	1.62736e-09
1.84361e+02	1.40560e+03	5.34510e+02	3.48471e-04	3.80271e-01	2.28362e+02	-9.15722e-04	2.23783e+04	1.56395e-09
1.81546e+02	1.34532e+03	5.06185e+02	3.30005e-04	3.76256e-01	2.41140e+02	-8.76424e-04	2.25475e+04	1.49688e-09
1.78687e+02	1.28190e+03	4.85599e+02	3.16583e-04	3.78813e-01	2.51363e+02	-8.35073e-04	2.27164e+04	1.42630e-09
1.75987e+02	1.21319e+03	4.79461e+02	3.12582e-04	3.95206e-01	2.54581e+02	-7.90282e-04	2.28840e+04	1.34986e-09
1.73097e+02	1.11001e+03	5.01456e+02	3.26922e-04	4.51757e-01	2.43415e+02	-7.23015e-04	2.30517e+04	1.23506e-09
1.70317e+02	1.02453e+03	5.08980e+02	3.31827e-04	4.96792e-01	2.39816e+02	-6.67286e-04	2.32183e+04	1.13995e-09
1.67503e+02	9.26289e+02	5.22428e+02	3.40594e-04	5.64002e-01	2.33643e+02	-6.03237e-04	2.33853e+04	1.03064e-09
1.64745e+02	7.97634e+02	5.42585e+02	3.53735e-04	6.80242e-01	2.24963e+02	-5.19361e-04	2.35519e+04	8.87489e-10
1.61965e+02	7.31427e+02	5.29935e+02	3.45488e-04	7.24523e-01	2.30333e+02	-4.76197e-04	2.37189e+04	8.13823e-10
1.59196e+02	7.13956e+02	5.02859e+02	3.27836e-04	7.04327e-01	2.42736e+02	-4.64808e-04	2.38857e+04	7.94384e-10
1.56420e+02	6.97743e+02	4.76570e+02	3.10697e-04	6.83016e-01	2.56125e+02	-4.54238e-04	2.40523e+04	7.76345e-10
1.53572e+02	6.82452e+02	4.50207e+02	2.93510e-04	6.59691e-01	2.71123e+02	-4.44269e-04	2.42233e+04	7.59331e-10
1.50743e+02	6.70067e+02	4.23095e+02	2.75834e-04	6.31421e-01	2.88497e+02	-4.36195e-04	2.43968e+04	7.45552e-10
1.47860e+02	6.55926e+02	3.97698e+02	2.59277e-04	6.06315e-01	3.06921e+02	-4.26975e-04	2.45688e+04	7.29817e-10
1.44952e+02	6.43403e+02	3.72519e+02	2.42862e-04	5.78982e-01	3.27666e+02	-4.18811e-04	2.47437e+04	7.15884e-10
1.42121e+02	6.37884e+02	3.43940e+02	2.24230e-04	5.39189e-01	3.54892e+02	-4.15213e-04	2.49132e+04	7.09743e-10
1.39338e+02	6.29965e+02	3.17281e+02	2.06849e-04	5.03648e-01	3.84712e+02	-4.10050e-04	2.50828e+04	7.00931e-10
1.36423e+02	6.15945e+02	2.94306e+02	1.91871e-04	4.77813e-01	4.14744e+02	-4.00910e-04	2.52536e+04	6.85332e-10
1.33644e+02	6.03122e+02	2.72640e+02	1.77746e-04	4.52048e-01	4.47703e+02	-3.92550e-04	2.54240e+04	6.71064e-10
1.30746e+02	5.82567e+02	2.57063e+02	1.67591e-04	4.41259e-01	4.74832e+02	-3.79149e-04	2.55939e+04	6.48194e-10
1.28025e+02	5.67190e+02	2.40975e+02	1.57102e-04	4.24857e-01	5.06533e+02	-3.69124e-04	2.57617e+04	6.31085e-10
1.25778e+02	5.55738e+02	2.28426e+02	1.48921e-04	4.11032e-01	5.34360e+02	-3.61659e-04	2.59301e+04	6.18343e-10
1.23873e+02	5.44789e+02	2.18447e+02	1.42416e-04	4.00976e-01	5.58769e+02	-3.54520e-04	2.60982e+04	6.06161e-10
1.22421e+02	5.37145e+02	2.11506e+02	1.37890e-04	3.93759e-01	5.77109e+02	-3.49536e-04	2.62659e+04	5.97655e-10
1.23310e+02	5.46215e+02	2.12924e+02	1.38815e-04	3.89817e-01	5.73264e+02	-3.55450e-04	2.64353e+04	6.07748e-10
1.24368e+02	5.52326e+02	2.18523e+02	1.42465e-04	3.95641e-01	5.58576e+02	-3.59434e-04	2.66035e+04	6.14546e-10
1.25521e+02	5.58822e+02	2.24750e+02	1.46524e-04	4.02185e-01	5.43101e+02	-3.63669e-04	2.67712e+04	6.21774e-10
1.26820e+02	5.66220e+02	2.31796e+02	1.51118e-04	4.09375e-01	5.26591e+02	-3.68492e-04	2.69394e+04	6.30005e-10
1.28250e+02	5.74294e+02	2.38927e+02	1.55767e-04	4.16036e-01	5.10874e+02	-3.73756e-04	2.71062e+04	6.38989e-10
1.29813e+02	5.83905e+02	2.47565e+02	1.61398e-04	4.23981e-01	4.93050e+02	-3.80022e-04	2.72732e+04	6.49683e-10
1.31563e+02	5.94704e+02	2.57791e+02	1.68065e-04	4.33478e-01	4.73491e+02	-3.87062e-04	2.74430e+04	6.61699e-10
1.33453e+02	6.06722e+02	2.68906e+02	1.75312e-04	4.43211e-01	4.53920e+02	-3.94897e-04	2.76130e+04	6.75070e-10
1.35510e+02	6.20385e+02	2.81091e+02	1.83255e-04	4.53090e-01	4.34243e+02	-4.03805e-04	2.77830e+04	6.90273e-10
1.37706e+02	6.34853e+02	2.95031e+02	1.92344e-04	4.64722e-01	4.13726e+02	-4.13237e-04	2.79529e+04	7.06371e-10
1.40041e+02	6.49627e+02	3.11390e+02	2.03009e-04	4.79336e-01	3.91990e+02	-4.22869e-04	2.81228e+04	7.22809e-10
1.42531e+02	6.65280e+02	3.29820e+02	2.15024e-04	4.95760e-01	3.70086e+02	-4.33074e-04	2.82932e+04	7.40225e-10
1.45169e+02	6.83652e+02	3.49071e+02	2.27575e-04	5.10598e-01	3.49676e+02	-4.45051e-04	2.84630e+04	7.60666e-10
1.47931e+02	7.02783e+02	3.70745e+02	2.41705e-04	5.27538e-01	3.29234e+02	-4.57523e-04	2.86323e+04	7.81953e-10
1.50910e+02	7.25908e+02	3.94131e+02	2.56952e-04	5.42950e-01	3.09698e+02	-4.72600e-04	2.88041e+04	8.07683e-10
1.54005e+02	7.46928e+02	4.22066e+02	2.75163e-04	5.65069e-01	2.89201e+02	-4.86304e-04	2.89751e+04	8.31071e-10
1.57177e+02	7.70416e+02	4.50868e+02	2.93941e-04	5.85227e-01	2.70726e+02	-5.01616e-04	2.91414e+04	8.57205e-10
1.60492e+02	7.79283e+02	4.90366e+02	3.19691e-04	6.29253e-01	2.48920e+02	-5.07397e-04	2.93080e+04	8.67070e-10
1.63918e+02	8.04190e+02	5.25782e+02	3.42780e-04	6.53803e-01	2.32153e+02	-5.23635e-04	2.94747e+04	8.94784e-10
1.67453e+02	8.23021e+02	5.67187e+02	3.69774e-04	6.89152e-01	2.15206e+02	-5.35912e-04	2.96415e+04	9.15736e-10
1.71123e+02	8.49577e+02	6.10175e+02	3.97800e-04	7.18210e-01	2.00044e+02	-5.53225e-04	2.98091e+04	9.45284e-10
1.74953e+02	8.39891e+02	6.67181e+02	4.34965e-04	7.94366e-01	1.82951e+02	-5.46911e-04	2.99769e+04	9.34507e-10
1.78917e+02	8.54973e+02	7.20943e+02	4.70015e-04	8.43234e-01	1.69309e+02	-5.56743e-04	3.01452e+04	9.51287e-10
1.82510e+02	7.96127e+02	7.76042e+02	5.05936e-04	9.74772e-01	1.57288e+02	-5.18378e-04	3.02935e+04	8.85812e-10
1.86252e+02	7.41375e+02	8.21616e+02	5.35648e-04	1.10823e+00	1.48563e+02	-4.82683e-04	3.04427e+04	8.24892e-10
1.90143e+02	6.58282e+02	8.52419e+02	5.55730e-04	1.29491e+00	1.43195e+02	-4.28511e-04	3.05931e+04	7.32438e-10
1.93851e+02	8.12381e+02	9.32540e+02	6.07964e-04	1.14791e+00	1.30892e+02	-5.28975e-04	3.07326e+04	9.03897e-10
1.97718e+02	1.13521e+03	1.00191e+03	6.53190e-04	8.82577e-01	1.21829e+02	-7.39442e-04	3.08750e+04	1.26309e-09
2.00391e+02	1.40073e+03	1.00099e+03	6.52590e-04	7.14621e-01	1.21941e+02	-9.12546e-04	3.10137e+04	1.55852e-09
2.03037e+02	1.36489e+03	1.07786e+03	7.02705e-04	7.89705e-01	1.13244e+02	-8.89181e-04	3.11742e+04	1.51865e-09
2.05679e+02	1.24910e+03	1.15603e+03	7.53669e-04	9.25490e-01	1.05587e+02	-8.13694e-04	3.13348e+04	1.38982e-09
2.08287e+02	8.03664e+02	1.13912e+03	7.42641e-04	1.41741e+00	1.07155e+02	-5.23292e-04	3.14937e+04	8.94198e-10
2.10865e+02	5.56622e+02	1.04362e+03	6.80385e-04	1.87492e+00	1.16960e+02	-3.62235e-04	3.16504e+04	6.19327e-10
2.13521e+02	4.82787e+02	1.01296e+03	6.60392e-04	2.09814e+00	1.20500e+02	-3.14099e-04	3.18118e+04	5.37174e-10
2.16144e+02	2.74399e+02	7.88417e+02	5.14004e-04	2.87325e+00	1.54819e+02	-1.78241e-04	3.19716e+04	3.05310e-10
2.18681e+02	9.37400e+01	3.85968e+02	2.51630e-04	4.11744e+00	3.16248e+02	-6.04613e-05	3.21252e+04	1.04300e-10
2.20605e+02	9.38094e+00	9.73705e-02	6.34801e-08	1.03796e-02	1.25358e+06	-5.46390e-06	3.22430e+04	1.04377e-11
2.22401e+02	9.38696e+00	5.82585e-02	3.79813e-08	6.20633e-03	2.09517e+06	-5.46783e-06	3.23533e+04	1.04444e-11
2.24170e+02	9.39274e+00	6.47035e-02	4.21831e-08	6.88867e-03	1.88648e+06	-5.47160e-06	3.24611e+04	1.04509e-11
2.25957e+02	9.39826e+00	5.53385e-02	3.60776e-08	5.88816e-03	2.20573e+06	-5.47519e-06	3.25700e+04	1.04570e-11
2.28479e+02	6.10156e+02	7.24214e+02	4.72147e-04	1.18693e+00	1.68544e+02	-3.97136e-04	3.27218e+04	6.78892e-10
2.31269e+02	1.13340e+03	1.45536e+03	9.48814e-04	1.28407e+00	8.38705e+01	-7.38262e-04	3.28921e+04	1.26108e-09
2.34055e+02	1.49597e+03	1.74226e+03	1.13585e-03	1.16463e+00	7.00595e+01	-9.74637e-04	3.30622e+04	1.66449e-09
2.36970e+02	6.60157e+02	8.62490e+02	5.62295e-04	1.30649e+00	1.41523e+02	-4.29734e-04	3.32390e+04	7.34525e-10
2.39766e+02	5.52496e+02	2.97834e+02	1.94171e-04	5.39071e-01	4.09831e+02	-3.59545e-04	3.34102e+04	6.14735e-10
2.42588e+02	5.61215e+02	3.80620e+02	2.48143e-04	6.78207e-01	3.20692e+02	-3.65229e-04	3.35813e+04	6.24437e-10
2.45410e+02	6.15678e+02	7.32638e+02	4.77639e-04	1.18997e+00	1.66606e+02	-4.00736e-04	3.37531e+04	6.85035e-10
2.48255e+02	1.09203e+03	1.73769e+03	1.13288e-03	1.59125e+00	7.02435e+01	-7.11290e-04	3.39254e+04	1.21505e-09
2.51141e+02	2.09529e+03	2.57142e+03	1.67642e-03	1.22724e+00	4.74686e+01	-1.36536e-03	3.41012e+04	2.33133e-09
2.54057e+02	2.44508e+03	2.82938e+03	1.84460e-03	1.15717e+00	4.31408e+01	-1.59340e-03	3.42778e+04	2.72052e-09
2.56989e+02	2.57000e+03	3.01272e+03	1.96412e-03	1.17226e+00	4.05155e+01	-1.67484e-03	3.44568e+04	2.85951e-09
2.59919e+02	3.31906e+03	3.32635e+03	2.16860e-03	1.00220e+00	3.66954e+01	-2.16319e-03	3.46353e+04	3.69295e-09
2.62870e+02	2.41275e+03	3.22133e+03	2.10013e-03	1.33513e+00	3.78917e+01	-1.57232e-03	3.48143e+04	2.68455e-09
2.65868e+02	2.76123e+03	3.50617e+03	2.28583e-03	1.26978e+00	3.48134e+01	-1.79952e-03	3.49948e+04	3.07229e-09
2.68864e+02	3.01363e+03	3.73060e+03	2.43215e-03	1.23791e+00	3.27190e+01	-1.96407e-03	3.51757e+04	3.35312e-09
2.71945e+02	3.42937e+03	3.98643e+03	2.59893e-03	1.16244e+00	3.06193e+01	-2.23511e-03	3.53541e+04	3.81569e-09
2.74926e+02	3.40754e+03	4.08955e+03	2.66616e-03	1.20015e+00	2.98472e+01	-2.22088e-03	3.55346e+04	3.79141e-09
2.77893e+02	3.11029e+03	4.06370e+03	2.64931e-03	1.30653e+00	3.00371e+01	-2.02708e-03	3.57168e+04	3.46067e-09
2.80973e+02	2.14158e+03	3.53712e+03	2.30600e-03	1.65164e+00	3.45088e+01	-1.39554e-03	3.59001e+04	2.38283e-09
2.84009e+02	6.95744e+02	1.19668e+03	7.80166e-04	1.72000e+00	1.02001e+02	-4.52934e-04	3.60813e+04	7.74120e-10
2.86796e+02	6.16089e+02	3.17981e+01	2.07306e-05	5.16128e-02	3.83865e+03	-4.01004e-04	3.62503e+04	6.85493e-10
2.89669e+02	6.16605e+02	3.21132e+01	2.09360e-05	5.20806e-02	3.80099e+03	-4.01340e-04	3.64216e+04	6.86067e-10
2.92564e+02	6.17515e+02	3.19315e+01	2.08176e-05	5.17097e-02	3.82261e+03	-4.01934e-04	3.65966e+04	6.87079e-10
2.95591e+02	6.17850e+02	3.25816e+01	2.12414e-05	5.27338e-02	3.74634e+03	-4.02152e-04	3.67729e+04	6.87452e-10
2.98612e+02	6.18293e+02	3.33837e+01	2.17643e-05	5.39933e-02	3.65633e+03	-4.02440e-04	3.69536e+04	6.87944e-10
3.01473e+02	6.18631e+02	3.44890e+01	2.24849e-05	5.57506e-02	3.53915e+03	-4.02661e-04	3.71261e+04	6.88321e-10
3.04317e+02	6.18854e+02	3.60685e+01	2.35147e-05	5.82828e-02	3.38416e+03	-4.02806e-04	3.72994e+04	6.88569e-10
3.07168e+02	6.18365e+02	4.22989e+01	2.75766e-05	6.84045e-02	2.88569e+03	-4.02488e-04	3.74721e+04	6.88025e-10
3.10080e+02	6.17526e+02	4.94946e+01	3.22677e-05	8.01499e-02	2.46616e+03	-4.01941e-04	3.76452e+04	6.87091e-10
3.13137e+02	6.12286e+02	7.47579e+01	4.87380e-05	1.22097e-01	1.63276e+03	-3.98524e-04	3.78173e+04	6.81261e-10
3.15957e+02	3.77939e+02	2.70904e+02	1.76615e-04	7.16794e-01	4.50571e+02	-2.45743e-04	3.79896e+04	4.20515e-10
3.17835e+02	8.79553e+01	1.51803e+00	9.89670e-07	1.72591e-02	8.04081e+04	-5.66900e-05	3.81040e+04	9.78636e-11
3.19672e+02	8.81553e+01	1.56779e+00	1.02211e-06	1.77844e-02	7.78560e+04	-5.68204e-05	3.82168e+04	9.80862e-11
3.21516e+02	8.83502e+01	1.58645e+00	1.03427e-06	1.79563e-02	7.69404e+04	-5.69475e-05	3.83292e+04	9.83030e-11
3.23398e+02	8.85570e+01	1.62434e+00	1.05898e-06	1.83423e-02	7.51453e+04	-5.70823e-05	3.84435e+04	9.85331e-11
3.25266e+02	8.87974e+01	1.65575e+00	1.07945e-06	1.86463e-02	7.37200e+04	-5.72390e-05	3.85568e+04	9.88006e-11
3.27101e+02	8.90343e+01	1.70119e+00	1.10908e-06	1.91071e-02	7.17510e+04	-5.73935e-05	3.86684e+04	9.90641e-11
3.29056e+02	8.93482e+01	1.74641e+00	1.13856e-06	1.95461e-02	6.98931e+04	-5.75981e-05	3.87866e+04	9.94134e-11
3.31117e+02	8.99978e+01	1.80941e+00	1.17963e-06	2.01050e-02	6.74596e+04	-5.80216e-05	3.89059e+04	1.00136e-10
3.33103e+02	9.03829e+01	1.85850e+00	1.21164e-06	2.05625e-02	6.56775e+04	-5.82727e-05	3.90253e+04	1.00565e-10
3.35021e+02	9.10621e+01	1.88077e+00	1.22616e-06	2.06537e-02	6.49000e+04	-5.87155e-05	3.91420e+04	1.01320e-10
3.36990e+02	9.16734e+01	1.94996e+00	1.27126e-06	2.12707e-02	6.25972e+04	-5.91140e-05	3.92624e+04	1.02001e-10
3.38996e+02	9.23074e+01	2.01375e+00	1.31285e-06	2.18157e-02	6.06141e+04	-5.95273e-05	3.93843e+04	1.02706e-10
3.41119e+02	9.29792e+01	2.09299e+00	1.36451e-06	2.25103e-02	5.83194e+04	-5.99653e-05	3.95031e+04	1.03453e-10
3.43104e+02	9.35086e+01	2.14877e+00	1.40088e-06	2.29794e-02	5.68053e+04	-6.03105e-05	3.96207e+04	1.04043e-10
3.45019e+02	9.40675e+01	2.23040e+00	1.45409e-06	2.37106e-02	5.47265e+04	-6.06748e-05	3.97401e+04	1.04664e-10
3.46993e+02	9.47244e+01	2.30863e+00	1.50510e-06	2.43721e-02	5.28719e+04	-6.11031e-05	3.98580e+04	1.05395e-10
3.48802e+02	9.56149e+01	2.37047e+00	1.54541e-06	2.47918e-02	5.14927e+04	-6.16836e-05	3.99757e+04	1.06386e-10
3.47121e+02	9.59598e+01	2.31291e+00	1.50789e-06	2.41029e-02	5.27742e+04	-6.19085e-05	4.00938e+04	1.06770e-10
3.43105e+02	9.60037e+01	2.20106e+00	1.43497e-06	2.29268e-02	5.54558e+04	-6.19371e-05	4.02113e+04	1.06819e-10
3.39096e+02	9.59971e+01	2.09295e+00	1.36449e-06	2.18022e-02	5.83205e+04	-6.19328e-05	4.03364e+04	1.06811e-10
3.35125e+02	9.59556e+01	2.07952e+00	1.35573e-06	2.16717e-02	5.86972e+04	-6.19058e-05	4.04586e+04	1.06765e-10
3.31217e+02	9.59046e+01	2.03418e+00	1.32617e-06	2.12104e-02	6.00055e+04	-6.18725e-05	4.05773e+04	1.06708e-10
3.27336e+02	9.58266e+01	1.89766e+00	1.23717e-06	1.98030e-02	6.43224e+04	-6.18216e-05	4.06945e+04	1.06622e-10
3.23509e+02	9.57217e+01	1.92964e+00	1.25802e-06	2.01589e-02	6.32561e+04	-6.17533e-05	4.08097e+04	1.06505e-10
3.19808e+02	9.55703e+01	1.89908e+00	1.23809e-06	1.98710e-02	6.42743e+04	-6.16546e-05	4.09218e+04	1.06336e-10
3.16031e+02	9.52909e+01	1.83198e+00	1.19435e-06	1.92251e-02	6.66284e+04	-6.14724e-05	4.10348e+04	1.06026e-10
3.11153e+02	1.01318e+01	6.52055e-02	4.25103e-08	6.43574e-03	1.87196e+06	-5.95341e-06	4.11811e+04	1.12731e-11
3.06118e+02	1.00543e+01	6.03866e-02	3.93687e-08	6.00604e-03	2.02134e+06	-5.90291e-06	4.13319e+04	1.11870e-11