m = 9, 9.2.2023, 16:42
Diameter[mm] 8.840e+00  Thickness[mm] 1.770e+00  Spacer Capacity[pF] 0.000e+00  Spacer Area[mm^2] 0.000e+00
Fixed value(s) :  Temp. [K]=3.0656e+02  AC Volt  [Vrms]=1.000e+00
 Freq. [Hz]
  Awe [A]
R dV/Awe [Ohm]
R dV/Awe [Ohm]
 Eps'    
|Modulus| 
 Zs'' [Ohms]
M Temp [K]
M Time M[s]
1.00000e+05
 00000000
 00000000
 00000000
3.77290e+01
2.64876e-02
-1.37218e+05
3.05908e+02
5.32995e+00
6.25000e+04
 00000000
 00000000
 00000000
3.80864e+01
2.62326e-02
-2.17381e+05
3.05940e+02
7.83970e+00
3.90625e+04
 00000000
 00000000
 00000000
3.85026e+01
2.59387e-02
-3.43777e+05
3.05995e+02
9.83855e+00
2.44141e+04
 00000000
 00000000
 00000000
3.90429e+01
2.55638e-02
-5.41752e+05
3.06105e+02
1.22205e+01
1.52588e+04
 00000000
 00000000
 00000000
3.97216e+01
2.51036e-02
-8.50409e+05
3.06147e+02
1.47147e+01
9.53674e+03
 00000000
 00000000
 00000000
4.05981e+01
2.45299e-02
-1.32784e+06
3.06196e+02
1.72165e+01
5.96046e+03
 00000000
 00000000
 00000000
4.17046e+01
2.38389e-02
-2.06123e+06
3.06237e+02
1.97204e+01
3.72529e+03
 00000000
 00000000
 00000000
4.30706e+01
2.30359e-02
-3.18039e+06
3.06310e+02
2.17177e+01
2.32831e+03
 00000000
 00000000
 00000000
4.47479e+01
2.21206e-02
-4.87503e+06
3.06357e+02
2.40890e+01
1.45519e+03
 00000000
 00000000
 00000000
4.66873e+01
2.11467e-02
-7.43725e+06
3.06403e+02
2.58994e+01
9.09495e+02
 00000000
 00000000
 00000000
4.89415e+01
2.01142e-02
-1.12858e+07
3.06430e+02
2.84100e+01
5.68434e+02
 00000000
 00000000
 00000000
5.14839e+01
1.90575e-02
-1.70520e+07
3.06467e+02
3.09082e+01
3.55271e+02
 00000000
 00000000
 00000000
5.43605e+01
1.79762e-02
-2.56310e+07
3.06506e+02
3.29100e+01
2.22045e+02
 00000000
 00000000
 00000000
5.76101e+01
1.68748e-02
-3.82987e+07
3.06559e+02
3.53284e+01
1.38778e+02
 00000000
 00000000
 00000000
6.13151e+01
1.57470e-02
-5.67927e+07
3.06618e+02
3.71470e+01
8.67362e+01
 00000000
 00000000
 00000000
6.55689e+01
1.45872e-02
-8.33859e+07
3.06660e+02
3.89669e+01
5.42101e+01
 00000000
 00000000
 00000000
7.04802e+01
1.33945e-02
-1.20918e+08
3.06672e+02
4.13923e+01
3.38813e+01
 00000000
 00000000
 00000000
7.62416e+01
1.21567e-02
-1.72391e+08
3.06733e+02
4.34369e+01
2.11758e+01
 00000000
 00000000
 00000000
8.30042e+01
1.08752e-02
-2.40318e+08
3.06786e+02
4.53131e+01
1.32349e+01
 00000000
 00000000
 00000000
9.10097e+01
9.55213e-03
-3.25250e+08
3.06831e+02
4.72236e+01
8.27181e+00
 00000000
 00000000
 00000000
1.00423e+02
8.19691e-03
-4.22846e+08
3.06847e+02
5.19853e+01
5.16988e+00
 00000000
 00000000
 00000000
1.11692e+02
6.82540e-03
-5.21735e+08
3.06956e+02
5.46864e+01
3.23117e+00
 00000000
 00000000
 00000000
1.24929e+02
5.48495e-03
-6.02971e+08
3.07105e+02
5.97596e+01
2.01948e+00
 00000000
 00000000
 00000000
1.40235e+02
4.23156e-03
-6.44562e+08
3.07195e+02
6.34119e+01
1.26218e+00
 00000000
 00000000
 00000000
1.57500e+02
3.12591e-03
-6.32068e+08
3.07251e+02
6.77013e+01
1.00000e+00
 00000000
 00000000
 00000000
1.66989e+02
2.64137e-03
-6.03946e+08
3.07285e+02
7.24417e+01